60.0333333333333
60.2833333333333
62.0333333333333
62.2833333333333
64.0333333333333
64.2833333333333
66.0333333333333
66.2833333333333
68.0333333333333
68.2833333333333
70.0333333333333
70.2833333333333
72.0333333333333
72.2833333333333
74.0333333333333
74.2833333333333
76.0333333333333
76.2833333333333
76.5333333333333
77.2833333333333
77.5333333333333
78.0333333333333
78.2833333333333
78.5333333333333
79.2833333333333
79.5333333333333
80.0333333333333
80.2833333333333
80.5333333333333
81.2833333333333
81.5333333333333
82.0333333333333
82.2833333333333
82.5333333333333
83.2833333333333
83.5333333333333
84.0333333333333
84.2833333333333
84.5333333333333
85.2833333333333
85.5333333333333
86.0333333333333
86.2833333333333
86.5333333333333
87.2833333333333
87.5333333333333
88.0333333333333
88.2833333333333
88.5333333333333
89.2833333333333
89.5333333333333
90.0333333333333
90.2833333333333
90.5333333333333
91.2833333333333
91.5333333333333
92.0333333333333
92.2833333333333
92.5333333333333
92.7833333333333
93.0333333333333
93.2833333333333
93.5333333333333
94.0333333333333
94.2833333333333
94.5333333333333
94.7833333333333
95.0333333333333
95.2833333333333
95.5333333333333
96.0333333333333
96.2833333333333
96.5333333333333
96.7833333333333
97.0333333333333
97.2833333333333
97.5333333333333
98.0333333333333
98.2833333333333
98.5333333333333
98.7833333333333
99.0333333333333
99.2833333333333
99.5333333333333
100.033333333333
100.283333333333
100.533333333333
100.783333333333
101.033333333333
101.283333333333
101.533333333333
102.033333333333
102.283333333333
102.533333333333
102.783333333333
103.033333333333
103.283333333333
103.533333333333
104.033333333333
104.283333333333
104.533333333333
105.033333333333
105.283333333333
105.283333333333
105.533333333333
106.033333333333
106.283333333333
106.533333333333
106.783333333333
107.033333333333
107.283333333333
107.533333333333
108.033333333333
108.283333333333
108.533333333333
108.783333333333
109.283333333333
109.283333333333
109.533333333333
110.033333333333
110.283333333333
110.533333333333
110.783333333333
111.033333333333
111.283333333333
111.533333333333
112.033333333333
112.283333333333
112.533333333333
112.783333333333
113.283333333333
113.533333333333
114.033333333333
114.283333333333
114.533333333333
114.783333333333
115.033333333333
115.283333333333
115.533333333333
116.033333333333
116.283333333333
116.533333333333
116.783333333333
117.033333333333
117.283333333333
117.533333333333
118.033333333333
118.283333333333
118.533333333333
119.033333333333
119.283333333333
119.283333333333
119.533333333333
120.033333333333
120.283333333333
120.533333333333
120.783333333333
121.033333333333
121.283333333333
121.533333333333
122.033333333333
122.283333333333
122.533333333333
122.783333333333
123.033333333333
123.283333333333
123.533333333333
124.033333333333
124.283333333333
124.533333333333
124.783333333333
125.033333333333
125.283333333333
125.533333333333
126.033333333333
126.283333333333
126.533333333333
126.783333333333
127.033333333333
127.283333333333
127.533333333333
128.033333333333
128.283333333333
128.533333333333
132.033333333333
132.283333333333
132.533333333333
132.783333333333
133.033333333333
133.283333333333
133.533333333333
134.033333333333
134.283333333333
134.533333333333
134.783333333333
135.033333333333
135.283333333333
135.533333333333
136.033333333333
136.283333333333
136.533333333333
136.783333333333
137.033333333333
137.283333333333
137.533333333333
138.033333333333
138.283333333333
138.533333333333
138.783333333333
139.033333333333
139.283333333333
139.533333333333
140.033333333333
140.283333333333
140.533333333333
140.783333333333
141.033333333333
141.283333333333
141.533333333333
142.033333333333
142.283333333333
142.533333333333
143.033333333333
143.283333333333
143.283333333333
143.533333333333
144.033333333333
144.283333333333
144.533333333333
144.783333333333
145.033333333333
145.283333333333
145.533333333333
146.033333333333
146.283333333333
146.533333333333
146.783333333333
147.033333333333
147.283333333333
147.533333333333
148.033333333333
148.283333333333
148.533333333333
148.783333333333
149.033333333333
149.283333333333
149.533333333333
150.033333333333
150.283333333333
150.533333333333
150.783333333333
151.033333333333
151.283333333333
151.533333333333
152.033333333333
152.283333333333
152.533333333333
152.783333333333
153.033333333333
153.283333333333
153.533333333333
154.033333333333
154.283333333333
154.533333333333
154.783333333333
155.033333333333
155.283333333333
156.033333333333
156.283333333333
156.533333333333
156.783333333333
157.283333333333
157.533333333333
157.783333333333
158.283333333333
158.533333333333
158.783333333333
159.033333333333
159.283333333333
159.533333333333
159.783333333333
160.033333333333
160.283333333333
160.533333333333
160.783333333333
161.283333333333
161.533333333333
161.783333333333
162.283333333333
162.533333333333
162.78125
163.033333333333
163.283333333333
163.533333333333
163.783333333333
164.033333333333
164.283333333333
164.533333333333
164.783333333333
165.283333333333
165.533333333333
165.783333333333
166.283333333333
166.283333333333
166.533333333333
167.033333333333
167.283333333333
167.533333333333
167.783333333333
168.033333333333
168.283333333333
168.533333333333
168.783333333333
169.283333333333
169.533333333333
170.033333333333
170.283333333333
170.783333333333
171.033333333333
171.533333333333
171.533333333333
172.033333333333
172.283333333333
172.533333333333
172.783333333333
173.283333333333
173.533333333333
174.033333333333
174.283333333333
174.533333333333
174.783333333333
175.283333333333
175.533333333333
176.033333333333
176.283333333333
176.533333333333
176.783333333333
177.283333333333
177.533333333333
178.033333333333
178.283333333333
178.533333333333
178.783333333333
179.283333333333
179.533333333333
180.033333333333
180.283333333333
180.533333333333
180.783333333333
181.283333333333
181.533333333333
182.033333333333
182.283333333333
182.533333333333
182.783333333333
183.283333333333
183.533333333333
184.033333333333
184.283333333333
184.533333333333
184.783333333333
185.283333333333
185.533333333333
186.033333333333
186.283333333333
186.533333333333
186.783333333333
187.283333333333
187.533333333333
188.033333333333
188.533333333333
188.783333333333
189.283333333333
189.533333333333
189.783333333333
190.033333333333
190.533333333333
190.783333333333
191.283333333333
191.533333333333
191.783333333333
192.033333333333
192.533333333333
192.783333333333
193.283333333333
193.533333333333
193.783333333333
194.033333333333
194.783333333333
196.033333333333
196.283333333333
196.533333333333
196.533333333333
196.533333333333
196.783333333333
197.033333333333
197.283333333333
197.533333333333
198.033333333333
198.033333333333
198.283333333333
198.533333333333
198.533333333333
198.783333333333
199.033333333333
199.033333333333
199.283333333333
199.533333333333
199.783333333333
200.033333333333
200.033333333333
200.283333333333
200.533333333333
200.533333333333
201.033333333333
201.283333333333
201.533333333333
201.533333333333
202.033333333333
202.033333333333
202.283333333333
202.533333333333
202.533333333333
202.783333333333
203.033333333333
203.033333333333
203.283333333333
203.533333333333
203.533333333333
203.783333333333
204.033333333333
204.033333333333
204.283333333333
204.533333333333
204.533333333333
204.783333333333
204.783333333333
205.033333333333
205.283333333333
205.283333333333
205.533333333333
205.533333333333
205.783333333333
206.033333333333
206.033333333333
206.283333333333
206.533333333333
206.533333333333
206.783333333333
207.033333333333
207.033333333333
207.283333333333
207.283333333333
207.533333333333
207.533333333333
207.783333333333
208.033333333333
208.033333333333
208.283333333333
208.533333333333
208.533333333333
208.783333333333
208.783333333333
209.033333333333
209.033333333333
209.283333333333
209.533333333333
209.533333333333
209.783333333333
210.033333333333
210.033333333333
210.283333333333
210.533333333333
210.533333333333
210.783333333333
211.033333333333
211.033333333333
211.283333333333
211.283333333333
211.533333333333
211.533333333333
211.783333333333
212.033333333333
212.033333333333
212.033333333333
212.283333333333
212.533333333333
212.533333333333
212.783333333333
212.783333333333
213.033333333333
213.033333333333
213.283333333333
213.533333333333
213.533333333333
213.783333333333
214.033333333333
214.033333333333
214.283333333333
214.533333333333
214.533333333333
214.783333333333
215.033333333333
215.033333333333
215.283333333333
215.283333333333
215.533333333333
215.533333333333
215.783333333333
216.033333333333
216.033333333333
216.283333333333
216.533333333333
216.533333333333
216.783333333333
216.783333333333
217.033333333333
217.283333333333
217.283333333333
217.533333333333
217.533333333333
217.783333333333
218.033333333333
218.033333333333
218.283333333333
