11.9291666666667
15.9958333333333
19.9229166666667
35.9708333333333
41.9270833333333
41.9416666666667
43.9958333333333
51.94375
51.95
65.9854166666667
71.8666666666667
71.88125
83.8958333333333
89.7833333333333
89.7958333333333
99.95
103.975
104.452083333333
114.01875
119.8625
119.877083333333
131.152083333333
131.914583333333
135.879166666667
135.885416666667
145.00625
147.870833333333
147.875
163.920833333333
167.922916666667
167.93125
178.441666666667
179.883333333333
183.858333333333
183.86875
195.79375
197.989583333333
197.99375
211.941666666667
