28
31
32
35
36
39
40
41
42
42.5
43
43.5
44
47
48
51
52
55
56
57
58
58.5
59
59.5
60
60.5
60.75
61
61.5
62.5
62.75
63
63.25
63.5
63.75
64
64.5
64.75
65
65.5
66.5
66.75
67
67.25
67.5
68
68.5
69
69.25
69.5
70
70.5
71
71.25
71.5
72
72.25
72.5
73
73.25
73.5
74
74.25
74.5
74.75
75
75.25
75.5
75.75
76
76.75
77.5
78.5
78.75
79
79.5
80
80.75
81.5
82.5
82.75
83
83.5
84
84.25
84.5
85
85.25
85.5
86
86.25
86.5
87
87.25
87.5
88
88.25
88.5
88.75
89
89.25
89.5
89.75
90
90.25
90.5
90.75
91
91.25
91.5
91.75
92
92.5
93
93.25
93.5
94.5
94.75
95
95.25
95.5
95.75
96
96.5
97
97.25
97.5
98.5
98.75
99
99.25
99.5
99.75
100
100.25
100.5
100.75
101
101.5
102
102.25
102.5
102.75
103
103.5
104
104.25
104.5
104.75
105
105.25
105.5
105.75
106
106.25
106.5
106.75
107
107.5
108.5
108.75
109
109.25
109.5
109.75
110
110.25
110.5
110.75
111
111.25
111.5
111.75
112
112.5
112.75
113
113.25
113.5
113.75
114
114.25
114.5
114.75
115
115.25
115.5
115.75
116
116.5
116.75
117
117.25
117.5
118
118.5
118.75
119
119.25
119.5
120
120.25
120.5
120.75
121
121.25
121.5
121.75
122
122.25
122.5
122.75
123
123.25
123.5
123.75
124
124.5
124.75
125
125.25
125.5
125.75
126
126.5
127
127.25
127.5
127.75
128
128.5
129
129.25
129.5
129.75
130
130.5
131
131.25
131.5
131.75
132
132.5
133
133.25
133.5
134
134.5
135
135.25
135.5
136
136.25
136.5
136.75
137
137.25
137.5
137.75
138
138.25
138.5
138.75
139
139.25
139.5
140
140.25
140.5
140.75
141
141.25
141.5
141.75
142
142.25
142.5
142.75
143
143.25
143.5
144
144.25
144.5
144.75
145
145.25
145.5
145.75
146
146.25
146.5
146.75
147
147.25
147.5
148
148.25
148.5
148.75
149
149.25
149.5
150
150.25
150.5
150.75
151
151.25
151.5
152
152.25
152.5
152.75
153
153.25
153.5
153.75
154
154.25
154.5
154.75
155
155.25
155.5
155.75
156
156.25
156.25
156.25
156.5
156.75
157
157.25
157.5
158.5
159
159.25
159.5
159.75
160
160.25
160.25
160.5
160.75
160.75
161
161
161.25
161.5
162.5
162.75
163
163.25
163.5
163.75
164
164.25
164.25
164.5
164.5
164.75
165
165.25
165.5
165.75
166
166.25
166.25
166.5
167
167
167.25
167.75
167.75
168
168.25
168.25
168.5
168.75
169
169.5
169.75
170
170.25
170.5
170.75
171
171.25
171.5
171.75
172
172.25
172.5
172.75
173
173.25
173.5
173.997916666667
173.997916666667
174.25
174.5
174.75
175
175.25
176
178
178.25
178.5
178.75
179
179.25
179.5
180.5
180.75
181
181.25
181.5
182
182.25
182.5
182.75
183
183.25
183.5
184
184.25
184.5
184.75
185
185.25
185.5
185.75
186
186.25
186.5
186.75
187
187.25
187.5
188
188.5
188.75
189
189.25
189.5
190
190.5
190.75
191
191.25
191.5
191.997916666667
192.5
192.75
193
193.25
193.5
193.997916666667
194.5
194.75
195
195.25
195.5
196
196.25
196.5
196.75
197
197.25
197.5
197.75
198
198.25
198.5
198.75
199
199.25
199.5
199.75
200
200.25
200.5
200.75
201
201.25
201.5
201.75
202
202.25
202.5
202.75
203
203.25
203.5
203.75
204
205.25
205.75
206.25
206.75
207
207.25
207.5
207.75
208
209.25
209.75
210.25
210.75
211
211.25
211.5
211.75
212
213.25
213.75
214.25
214.75
215
215.25
215.5
215.75
216
217.25
217.75
218.25
218.75
219
219.25
219.5
219.75
220
