749.002291666667
749.250755208333
749.500104166667
749.6253125
749.876510416667
750.249505208333
750.5
750.625
750.875
751.62140625
751.755208333333
751.870807291667
753.000338541667
753.250755208333
753.500104166667
753.6253125
753.876510416667
754.25
754.5
754.625
754.875
755.625729166667
755.750677083333
755.870807291667
756.999973958333
757.002291666667
757.250755208333
757.500104166667
757.6253125
757.876510416667
758.25421875
758.5
758.625
758.875
759.62140625
759.755208333333
759.870807291667
761.000338541667
761.250755208333
761.500104166667
761.6253125
761.876510416667
762.25421875
762.5
762.625
762.875
763.625729166667
763.750677083333
763.870807291667
765.002291666667
765.250755208333
765.500104166667
765.6253125
765.876510416667
766.249505208333
766.5
766.625
766.875
767.62140625
767.755208333333
767.870807291667
