733.120026041667
733.993958333333
734.014791666667
734.998177083333
735.01390625
736.0065625
736.022057291667
737.012135416667
737.027552083333
738.005364583333
738.025130208333
739.023541666667
739.044427083333
739.262708333333
739.27015625
739.496041666667
740.015130208333
740.028697916667
740.249479166667
740.263098958333
740.485442708333
741.0071875
741.034895833333
741.22828125
741.271041666667
741.491067708333
742.007057291667
742.0409375
742.227578125
742.271380208333
742.488411458333
743.007526041667
743.03765625
743.236276041667
743.280286458333
743.496432291667
744.022526041667
744.055234375
744.247552083333
744.305963541667
744.503671875
745.028723958333
745.070546875
745.25109375
745.308880208333
745.492682291667
746.009609375
746.059114583333
746.269765625
746.532682291667
747.030416666667
747.075390625
747.265182291667
747.293125
747.51984375
748.041067708333
748.044791666667
748.999973958333
749.033828125
749.062239583333
749.999661458333
750.008020833333
750.032135416667
750.999973958333
751.033828125
751.062239583333
751.999661458333
752.008020833333
752.032135416667
752.999973958333
753.033828125
753.062239583333
753.999661458333
754.008020833333
754.032135416667
754.999973958333
755.033828125
755.062239583333
755.999661458333
756.008020833333
756.032135416667
759.999661458333
760.008020833333
760.032135416667
760.999973958333
761.033828125
761.120182291667
761.999661458333
762.008020833333
762.067630208333
762.999973958333
763.033828125
763.062239583333
763.999661458333
764.008020833333
764.0625
765
765.023541666667
765.044427083333
765.262708333333
765.27015625
765.496041666667
766.015130208333
766.028697916667
766.249479166667
766.263098958333
766.485442708333
767.0071875
767.034895833333
767.22828125
767.271041666667
767.491067708333
768.007057291667
768.0409375
768.227578125
768.271380208333
768.488411458333
769.007526041667
769.03765625
769.236276041667
769.280286458333
769.496432291667
770.022526041667
770.055234375
770.247552083333
770.305963541667
770.503671875
771.028723958333
771.070546875
771.25109375
771.308880208333
771.492682291667
772.009609375
772.059114583333
772.269765625
772.532682291667
773.030416666667
773.075390625
773.265182291667
773.293125
773.51984375
774.023541666667
774.044427083333
774.262708333333
774.27015625
774.496041666667
775.015130208333
775.028697916667
775.249479166667
775.263098958333
775.485442708333
776.0071875
776.034895833333
776.22828125
776.271041666667
776.491067708333
777.007057291667
777.0409375
777.227578125
777.271380208333
777.488411458333
778.007526041667
778.03765625
778.236276041667
778.280286458333
778.496432291667
779.022526041667
779.055234375
779.247552083333
779.305963541667
779.503671875
780.028723958333
780.070546875
780.25109375
780.308880208333
780.492682291667
781.009609375
781.059114583333
781.269765625
781.532682291667
782.030416666667
782.075390625
782.265182291667
782.293125
782.51984375
783.041067708333
783.044791666667
