740
740
740.25
740.25
740.5
740.5
740.75
740.75
741
741
741.25
741.25
741.5
741.5
741.75
741.75
742
742
742.25
742.25
742.5
742.5
742.75
742.75
743
743
743
743.25
743.25
743.5
743.5
743.5
743.75
743.75
743.75
744
744
744
744
744.25
744.25
744.25
744.5
744.5
744.5
744.75
744.75
744.75
745
745
745
745
745.25
745.25
745.25
745.5
745.5
745.5
745.75
745.75
745.75
746
746
746
746
746.25
746.25
746.25
746.5
746.5
746.5
746.75
746.75
746.75
747
747
747
747
747.125
747.25
747.25
747.25
747.375
747.375
747.5
747.5
747.5
747.5
747.625
747.75
747.75
747.75
747.75
748
748
748
748
748.125
748.125
748.25
748.25
748.25
748.25
748.375
748.375
748.5
748.5
748.5
748.5
748.625
748.625
748.625
748.6875
748.6875
748.6875
748.75
748.75
748.75
748.75
748.8125
748.8125
748.8125
748.875
748.875
748.875
748.90625
748.90625
748.90625
748.9375
748.9375
748.9375
748.96875
748.96875
748.96875
749
749
749.125
749.25
749.25
749.375
749.5
749.5
749.625
749.75
749.75
749.875
750
750
750.125
750.25
750.25
750.375
750.5
750.5
750.625
750.75
750.75
750.875
751
751
751.125
751.25
751.25
751.375
751.5
751.5
751.625
751.75
751.75
751.875
752
752
752.125
752.25
752.25
752.375
752.5
752.5
752.625
752.75
752.75
752.875
753
753
753.0625
753.125
753.25
753.25
753.375
753.5
753.5
753.625
753.75
753.75
753.875
754
754
754.125
754.25
754.25
754.375
754.5
754.5
754.625
754.75
754.75
754.875
755
755
755.0625
755.125
755.25
755.25
755.375
755.5
755.5
755.625
755.75
755.75
755.875
756
756
756.0625
756.125
756.25
756.25
756.375
756.5
756.5
756.625
756.75
756.75
756.875
757
757
757.0625
757.125
757.25
757.25
757.375
757.5
757.5
757.625
757.75
757.75
757.875
758
758
758.0625
758.125
758.25
758.25
758.375
758.5
758.5
758.625
758.75
758.75
758.875
759
759
759.0625
759.125
759.25
759.25
759.375
759.5
759.5
759.625
759.75
759.75
759.875
760
760
760.0625
760.125
760.25
760.25
760.375
760.5
760.5
760.625
760.75
760.75
760.875
761
761
761.0625
761.125
761.25
761.25
761.375
761.5
761.5
761.625
761.75
761.75
761.875
762
762
762.0625
762.125
762.25
762.25
762.375
762.5
762.5
762.625
762.75
762.75
762.875
763
763
763.125
763.25
763.25
763.375
763.5
763.5
763.625
763.75
763.75
763.875
764
764
764.125
764.25
764.25
764.375
764.5
764.5
764.625
764.75
764.75
764.875
765
765
765.0625
765.125
765.25
765.25
765.375
765.5
765.5
765.625
765.75
765.75
765.875
766
766
766.125
766.25
766.25
766.375
766.5
766.5
766.625
766.75
766.75
766.875
767
767
767.125
767.25
767.25
767.375
767.5
767.5
767.625
767.75
767.75
767.875
768
768
768.125
768.25
768.25
768.375
768.5
768.5
768.625
768.75
768.75
768.875
769
769
769.125
769.25
769.25
769.375
769.5
769.5
769.625
769.75
769.75
769.875
770
770
770.125
770.25
770.25
770.375
770.5
770.5
770.625
770.75
770.75
770.875
771
771
771.125
771.25
771.25
771.375
771.5
771.5
771.625
771.75
771.75
771.875
772
772
772.0625
772.125
772.25
772.25
772.375
772.5
772.5
772.625
772.75
772.75
772.875
773
773
773.125
773.25
773.25
773.375
773.5
773.5
773.625
773.75
773.75
773.875
774
774
774.0625
774.125
774.25
774.25
774.375
774.5
774.5
774.625
774.75
774.75
774.875
775
775
775.125
775.25
775.25
775.375
775.5
775.5
775.625
775.75
775.75
775.875
776
776
776.125
776.25
776.25
776.375
776.5
776.5
776.625
776.75
776.75
776.875
777
777
777.125
777.25
777.25
777.375
777.5
777.5
777.625
777.75
777.75
777.875
778
778
778.0625
778.125
778.25
778.25
778.375
778.5
778.5
778.625
778.75
778.75
778.875
779
779
779.125
779.25
779.25
779.375
779.5
779.5
779.625
779.75
779.75
779.875
780
780
780.125
780.25
780.25
780.375
780.5
780.5
780.625
780.75
780.75
780.875
781
781
781.125
781.25
781.25
781.375
781.5
781.5
781.625
781.75
781.75
781.875
782
782
782.0625
782.125
782.25
782.25
782.375
782.5
782.5
782.625
782.75
782.75
782.875
783
783
783.125
783.25
783.25
783.375
783.5
783.5
783.625
783.75
783.75
783.875
784
784
784.125
784.25
784.25
784.375
784.5
784.5
784.625
784.75
784.75
784.875
