21
21.0625
21.125
21.25
21.375
21.5
21.6875
22
22.0625
22.125
22.25
22.375
22.5
22.6875
23
23.875
24
24.25
24.5
24.75
25
25.0625
25.125
25.25
25.375
25.5
25.6875
26
26.0625
26.125
26.25
26.375
26.5
26.6875
27
27.875
28
28.25
28.5
28.625
28.75
28.875
29
29.03125
29.0625
29.09375
29.125
29.15625
29.1875
29.21875
29.25
29.28125
29.3125
29.34375
29.375
29.40625
29.4375
29.46875
29.5
29.53125
29.5625
29.59375
29.625
29.65625
29.6875
29.71875
29.75
29.78125
29.8125
29.84375
29.875
29.90625
29.9375
29.96875
30
30.03125
30.0625
30.09375
30.125
30.15625
30.1875
30.21875
30.25
30.28125
30.3125
30.34375
30.375
30.40625
30.4375
30.46875
30.5
30.53125
30.5625
30.59375
30.625
30.65625
30.6875
30.71875
30.75
30.78125
30.8125
30.84375
30.875
30.90625
30.9375
30.96875
31
31.03125
31.0625
31.09375
31.125
31.15625
31.1875
31.21875
31.25
31.28125
31.3125
31.34375
31.375
31.40625
31.4375
31.46875
31.5
31.53125
31.5625
31.59375
31.625
31.65625
31.6875
31.71875
31.75
31.78125
31.8125
31.84375
31.875
31.90625
31.9375
31.96875
32
32.03125
32.0625
32.09375
32.125
32.15625
32.1875
32.21875
32.25
32.28125
32.3125
32.34375
32.375
32.40625
32.4375
32.46875
32.5
32.53125
32.5625
32.59375
32.625
32.65625
32.6875
32.71875
32.75
32.78125
32.8125
32.84375
32.875
32.90625
32.9375
32.96875
41
41.0625
41.125
41.25
41.375
41.5
41.6875
42
42.0625
42.125
42.25
42.375
42.5
42.6875
43
43.875
44
44.25
44.5
44.75
45
45.0625
45.125
45.25
45.375
45.5
45.6875
46
46.0625
46.125
46.25
46.375
46.5
46.6875
47
47.875
48
48.25
48.5
48.625
48.75
48.875
49
49.03125
49.0625
49.09375
49.125
49.15625
49.1875
49.21875
49.25
49.28125
49.3125
49.34375
49.375
49.40625
49.4375
49.46875
49.5
49.53125
49.5625
49.59375
49.625
49.65625
49.6875
49.71875
49.75
49.78125
49.8125
49.84375
49.875
49.90625
49.9375
49.96875
50
50.03125
50.0625
50.09375
50.125
50.15625
50.1875
50.21875
50.25
50.28125
50.3125
50.34375
50.375
50.40625
50.4375
50.46875
50.5
50.53125
50.5625
50.59375
50.625
50.65625
50.6875
50.71875
50.75
50.78125
50.8125
50.84375
50.875
50.90625
50.9375
50.96875
51
51.03125
51.0625
51.09375
51.125
51.15625
51.1875
51.21875
51.25
51.28125
51.3125
51.34375
51.375
51.40625
51.4375
51.46875
51.5
51.53125
51.5625
51.59375
51.625
51.65625
51.6875
51.71875
51.75
51.78125
51.8125
51.84375
51.875
51.90625
51.9375
51.96875
52
52.03125
52.0625
52.09375
52.125
52.15625
52.1875
52.21875
52.25
52.28125
52.3125
52.34375
52.375
52.40625
52.4375
52.46875
52.5
52.53125
52.5625
52.59375
52.625
52.65625
52.6875
52.71875
52.75
52.78125
52.8125
52.84375
52.875
52.90625
52.9375
52.96875
53
53.03125
53.0625
53.09375
53.125
53.15625
53.1875
53.21875
53.25
53.28125
53.3125
53.34375
53.375
53.40625
53.4375
53.46875
53.5
53.53125
53.5625
53.59375
53.625
53.65625
53.6875
53.71875
53.75
53.78125
53.8125
53.84375
53.875
53.90625
53.9375
53.96875
54
54.03125
54.0625
54.09375
54.125
54.15625
54.1875
54.21875
54.25
54.28125
54.3125
54.34375
54.375
54.40625
54.4375
54.46875
54.5
54.53125
54.5625
54.59375
54.625
54.65625
54.6875
54.71875
54.75
54.78125
54.8125
54.84375
54.875
54.90625
54.9375
54.96875
55
55.03125
55.0625
55.09375
55.125
55.15625
55.1875
55.21875
55.25
55.28125
55.3125
55.34375
55.375
55.40625
55.4375
55.46875
55.5
55.53125
55.5625
55.59375
55.625
55.65625
55.6875
55.71875
55.75
55.78125
55.8125
55.84375
55.875
55.90625
55.9375
55.96875
56
56.03125
56.0625
56.09375
56.125
56.15625
56.1875
56.21875
56.25
56.28125
56.3125
56.34375
56.375
56.40625
56.4375
56.46875
56.5
56.53125
56.5625
56.59375
56.625
56.65625
56.6875
56.71875
56.75
56.78125
56.8125
56.84375
56.875
56.90625
56.9375
56.96875
57
57.03125
57.0625
57.09375
57.125
57.15625
57.1875
57.21875
57.25
57.28125
57.3125
57.34375
57.375
57.40625
57.4375
57.46875
57.5
57.53125
57.5625
57.59375
57.625
57.65625
57.6875
57.71875
57.75
57.78125
57.8125
57.84375
57.875
57.90625
57.9375
57.96875
58
58.03125
58.0625
58.09375
58.125
58.15625
58.1875
58.21875
58.25
58.28125
58.3125
58.34375
58.375
58.40625
58.4375
58.46875
58.5
58.53125
58.5625
58.59375
58.625
58.65625
58.6875
58.71875
58.75
58.78125
58.8125
58.84375
58.875
58.90625
58.9375
58.96875
59
59.03125
59.0625
59.09375
59.125
59.15625
59.1875
59.21875
59.25
59.28125
59.3125
59.34375
59.375
59.40625
59.4375
59.46875
59.5
59.53125
59.5625
59.59375
59.625
59.65625
59.6875
59.71875
59.75
59.78125
59.8125
59.84375
59.875
59.90625
59.9375
59.96875
60
60.03125
60.0625
60.09375
60.125
60.15625
60.1875
60.21875
60.25
60.28125
60.3125
60.34375
60.375
60.40625
60.4375
60.46875
60.5
60.53125
60.5625
60.59375
60.625
60.65625
60.6875
60.71875
60.75
60.78125
60.8125
60.84375
60.875
60.90625
60.9375
60.96875
61
61.03125
61.0625
61.09375
61.125
61.15625
61.1875
61.21875
61.25
61.28125
61.3125
61.34375
61.375
61.40625
61.4375
61.46875
61.5
61.53125
61.5625
61.59375
61.625
61.65625
61.6875
61.71875
61.75
61.78125
61.8125
61.84375
61.875
61.90625
61.9375
61.96875
62
62.03125
62.0625
62.09375
62.125
62.15625
62.1875
62.21875
62.25
62.28125
62.3125
62.34375
62.375
62.40625
62.4375
62.46875
62.5
62.53125
62.5625
62.59375
62.625
62.65625
62.6875
62.71875
62.75
62.78125
62.8125
62.84375
62.875
62.90625
62.9375
62.96875
63
63.03125
63.0625
63.09375
63.125
63.15625
63.1875
63.21875
63.25
63.28125
63.3125
63.34375
63.375
63.40625
63.4375
63.46875
63.5
63.53125
63.5625
63.59375
63.625
63.65625
63.6875
63.71875
63.75
63.78125
63.8125
63.84375
63.875
63.90625
63.9375
63.96875
64
64.03125
64.0625
64.09375
64.125
64.15625
64.1875
64.21875
64.25
64.28125
64.3125
64.34375
64.375
64.40625
64.4375
64.46875
64.5
64.53125
64.5625
64.59375
64.625
64.65625
64.6875
64.71875
64.75
64.78125
64.8125
64.84375
64.875
64.90625
64.9375
64.96875
65
65.03125
65.0625
65.09375
65.125
65.15625
65.1875
65.21875
65.25
65.28125
65.3125
65.34375
65.375
65.40625
65.4375
65.46875
65.5
65.53125
65.5625
65.59375
65.625
65.65625
65.6875
65.71875
65.75
65.78125
65.8125
65.84375
65.875
65.90625
65.9375
65.96875
66
66.03125
66.0625
66.09375
66.125
66.15625
66.1875
66.21875
66.25
66.28125
66.3125
66.34375
66.375
66.40625
66.4375
66.46875
66.5
66.53125
66.5625
66.59375
66.625
66.65625
66.6875
66.71875
66.75
66.78125
66.8125
66.84375
66.875
66.90625
66.9375
66.96875
67
67.03125
67.0625
67.09375
67.125
67.15625
67.1875
67.21875
67.25
67.28125
67.3125
67.34375
67.375
67.40625
67.4375
67.46875
67.5
67.53125
67.5625
67.59375
67.625
67.65625
67.6875
67.71875
67.75
67.78125
67.8125
67.84375
67.875
67.90625
67.9375
67.96875
68
68.03125
68.0625
68.09375
68.125
68.15625
68.1875
68.21875
68.25
68.28125
68.3125
68.34375
68.375
68.40625
68.4375
68.46875
68.5
68.53125
68.5625
68.59375
68.625
68.65625
68.6875
68.71875
68.75
68.78125
68.8125
68.84375
68.875
68.90625
68.9375
68.96875
89
89.0625
89.125
89.25
89.375
89.5
89.6875
90
90.0625
90.125
90.25
90.375
90.5
90.6875
91
91.875
92
92.25
92.5
92.75
93
93.0625
93.125
93.25
93.375
93.5
93.6875
94
94.0625
94.125
94.25
94.375
94.5
94.6875
95
95.875
96
96.25
96.5
96.625
96.75
96.875
97
97.03125
97.0625
97.09375
97.125
97.15625
97.1875
97.21875
97.25
97.28125
97.3125
97.34375
97.375
97.40625
97.4375
97.46875
97.5
97.53125
97.5625
97.59375
97.625
97.65625
97.6875
97.71875
97.75
97.78125
97.8125
97.84375
97.875
97.90625
97.9375
97.96875
98
98.03125
98.0625
98.09375
98.125
98.15625
98.1875
98.21875
98.25
98.28125
98.3125
98.34375
98.375
98.40625
98.4375
98.46875
98.5
98.53125
98.5625
98.59375
98.625
98.65625
98.6875
98.71875
98.75
98.78125
98.8125
98.84375
98.875
98.90625
98.9375
98.96875
99
99.03125
99.0625
99.09375
99.125
99.15625
99.1875
99.21875
99.25
99.28125
99.3125
99.34375
99.375
99.40625
99.4375
99.46875
99.5
99.53125
99.5625
99.59375
99.625
99.65625
99.6875
99.71875
99.75
99.78125
99.8125
99.84375
99.875
99.90625
99.9375
99.96875
100
100.03125
100.0625
100.09375
100.125
100.15625
100.1875
100.21875
100.25
100.28125
100.3125
100.34375
100.375
100.40625
100.4375
100.46875
100.5
100.53125
100.5625
100.59375
100.625
100.65625
100.6875
100.71875
100.75
100.78125
100.8125
100.84375
100.875
100.90625
100.9375
100.96875
109
109.0625
109.125
109.25
109.375
109.5
109.6875
110
110.0625
110.125
110.25
110.375
110.5
110.6875
111
111.875
112
112.25
112.5
112.75
113
113.0625
113.125
113.25
113.375
113.5
113.6875
114
114.0625
114.125
114.25
114.375
114.5
114.6875
115
115.875
116
116.25
116.5
116.625
116.75
116.875
117
117.03125
117.0625
117.09375
117.125
117.15625
117.1875
117.21875
117.25
117.28125
117.3125
117.34375
117.375
117.40625
117.4375
117.46875
117.5
117.53125
117.5625
117.59375
117.625
117.65625
117.6875
117.71875
117.75
117.78125
117.8125
117.84375
117.875
117.90625
117.9375
117.96875
118
118.03125
118.0625
118.09375
118.125
118.15625
118.1875
118.21875
118.25
118.28125
118.3125
118.34375
118.375
118.40625
118.4375
118.46875
118.5
118.53125
118.5625
118.59375
118.625
118.65625
118.6875
118.71875
118.75
118.78125
118.8125
118.84375
118.875
118.90625
118.9375
118.96875
119
119.03125
119.0625
119.09375
119.125
119.15625
119.1875
119.21875
119.25
119.28125
119.3125
119.34375
119.375
119.40625
119.4375
119.46875
119.5
119.53125
119.5625
119.59375
119.625
119.65625
119.6875
119.71875
119.75
119.78125
119.8125
119.84375
119.875
119.90625
119.9375
119.96875
120
120.03125
120.0625
120.09375
120.125
120.15625
120.1875
120.21875
120.25
120.28125
120.3125
120.34375
120.375
120.40625
120.4375
120.46875
120.5
120.53125
120.5625
120.59375
120.625
120.65625
120.6875
120.71875
120.75
120.78125
120.8125
120.84375
120.875
120.90625
120.9375
120.96875
121
121.03125
121.0625
121.09375
121.125
121.15625
121.1875
121.21875
121.25
121.28125
121.3125
121.34375
121.375
121.40625
121.4375
121.46875
121.5
121.53125
121.5625
121.59375
121.625
121.65625
121.6875
121.71875
121.75
121.78125
121.8125
121.84375
121.875
121.90625
121.9375
121.96875
122
122.03125
122.0625
122.09375
122.125
122.15625
122.1875
122.21875
122.25
122.28125
122.3125
122.34375
122.375
122.40625
122.4375
122.46875
122.5
122.53125
122.5625
122.59375
122.625
122.65625
122.6875
122.71875
122.75
122.78125
122.8125
122.84375
122.875
122.90625
122.9375
122.96875
123
123.03125
123.0625
123.09375
123.125
123.15625
123.1875
123.21875
123.25
123.28125
123.3125
123.34375
123.375
123.40625
123.4375
123.46875
123.5
123.53125
123.5625
123.59375
123.625
123.65625
123.6875
123.71875
123.75
123.78125
123.8125
123.84375
123.875
123.90625
123.9375
123.96875
124
124.03125
124.0625
124.09375
124.125
124.15625
124.1875
124.21875
124.25
124.28125
124.3125
124.34375
124.375
124.40625
124.4375
124.46875
124.5
124.53125
124.5625
124.59375
124.625
124.65625
124.6875
124.71875
124.75
124.78125
124.8125
124.84375
124.875
124.90625
124.9375
124.96875
125
125.03125
125.0625
125.09375
125.125
125.15625
125.1875
125.21875
125.25
125.28125
125.3125
125.34375
125.375
125.40625
125.4375
125.46875
125.5
125.53125
125.5625
125.59375
125.625
125.65625
125.6875
125.71875
125.75
125.78125
125.8125
125.84375
125.875
125.90625
125.9375
125.96875
126
126.03125
126.0625
126.09375
126.125
126.15625
126.1875
126.21875
126.25
126.28125
126.3125
126.34375
126.375
126.40625
126.4375
126.46875
126.5
126.53125
126.5625
126.59375
126.625
126.65625
126.6875
126.71875
126.75
126.78125
126.8125
126.84375
126.875
126.90625
126.9375
126.96875
127
127.03125
127.0625
127.09375
127.125
127.15625
127.1875
127.21875
127.25
127.28125
127.3125
127.34375
127.375
127.40625
127.4375
127.46875
127.5
127.53125
127.5625
127.59375
127.625
127.65625
127.6875
127.71875
127.75
127.78125
127.8125
127.84375
127.875
127.90625
127.9375
127.96875
128
128.03125
128.0625
128.09375
128.125
128.15625
128.1875
128.21875
128.25
128.28125
128.3125
128.34375
128.375
128.40625
128.4375
128.46875
128.5
128.53125
128.5625
128.59375
128.625
128.65625
128.6875
128.71875
128.75
128.78125
128.8125
128.84375
128.875
128.90625
128.9375
128.96875
129
129.03125
129.0625
129.09375
129.125
129.15625
129.1875
129.21875
129.25
129.28125
129.3125
129.34375
129.375
129.40625
129.4375
129.46875
129.5
129.53125
129.5625
129.59375
129.625
129.65625
129.6875
129.71875
129.75
129.78125
129.8125
129.84375
129.875
129.90625
129.9375
129.96875
130
130.03125
130.0625
130.09375
130.125
130.15625
130.1875
130.21875
130.25
130.28125
130.3125
130.34375
130.375
130.40625
130.4375
130.46875
130.5
130.53125
130.5625
130.59375
130.625
130.65625
130.6875
130.71875
130.75
130.78125
130.8125
130.84375
130.875
130.90625
130.9375
130.96875
131
131.03125
131.0625
131.09375
131.125
131.15625
131.1875
131.21875
131.25
131.28125
131.3125
131.34375
131.375
131.40625
131.4375
131.46875
131.5
131.53125
131.5625
131.59375
131.625
131.65625
131.6875
131.71875
131.75
131.78125
131.8125
131.84375
131.875
131.90625
131.9375
131.96875
132
132.03125
132.0625
132.09375
132.125
132.15625
132.1875
132.21875
132.25
132.28125
132.3125
132.34375
132.375
132.40625
132.4375
132.46875
132.5
132.53125
132.5625
132.59375
132.625
132.65625
132.6875
132.71875
132.75
132.78125
132.8125
132.84375
132.875
132.90625
132.9375
132.96875
133
133.03125
133.0625
133.09375
133.125
133.15625
133.1875
133.21875
133.25
133.28125
133.3125
133.34375
133.375
133.40625
133.4375
133.46875
133.5
133.53125
133.5625
133.59375
133.625
133.65625
133.6875
133.71875
133.75
133.78125
133.8125
133.84375
133.875
133.90625
133.9375
133.96875
134
134.03125
134.0625
134.09375
134.125
134.15625
134.1875
134.21875
134.25
134.28125
134.3125
134.34375
134.375
134.40625
134.4375
134.46875
134.5
134.53125
134.5625
134.59375
134.625
134.65625
134.6875
134.71875
134.75
134.78125
134.8125
134.84375
134.875
134.90625
134.9375
134.96875
135
135.03125
135.0625
135.09375
135.125
135.15625
135.1875
135.21875
135.25
135.28125
135.3125
135.34375
135.375
135.40625
135.4375
135.46875
135.5
135.53125
135.5625
135.59375
135.625
135.65625
135.6875
135.71875
135.75
135.78125
135.8125
135.84375
135.875
135.90625
135.9375
135.96875
136
136.03125
136.0625
136.09375
136.125
136.15625
136.1875
136.21875
136.25
136.28125
136.3125
136.34375
136.375
136.40625
136.4375
136.46875
136.5
136.53125
136.5625
136.59375
136.625
136.65625
136.6875
136.71875
136.75
136.78125
136.8125
136.84375
136.875
136.90625
136.9375
136.96875
