0
0
0
4
4
4
8
8
8
12
12
12
16
16
16
20
20
20
24
24
24
28
28
28
32
32
32
36
36
36
40
40
40
44
44
44
48
48
48
64
64
64
64.25
64.25
64.25
64.5
64.5
64.5
64.75
64.75
64.75
65
65
65
65.25
65.25
65.25
65.5
65.5
65.5
65.75
65.75
65.75
65.875
65.875
65.875
66.25
66.25
66.25
66.5
66.5
66.5
66.625
66.625
66.625
67
67
67
67.25
67.25
67.25
67.5
67.5
67.5
67.75
67.75
67.75
68
68
68
68.25
68.25
68.25
68.5
68.5
68.5
68.75
68.75
68.75
69
69
69
69.25
69.25
69.25
69.5
69.5
69.5
69.75
69.75
69.75
69.875
69.875
69.875
70.25
70.25
70.25
70.5
70.5
70.5
70.625
70.625
70.625
71
71
71
71.25
71.25
71.25
71.5
71.5
71.5
71.75
71.75
71.75
72
72
72
72.25
72.25
72.25
72.5
72.5
72.5
72.75
72.75
72.75
73
73
73
73.25
73.25
73.25
73.5
73.5
73.5
73.75
73.75
73.75
73.875
73.875
73.875
74.25
74.25
74.25
74.5
74.5
74.5
74.625
74.625
74.625
75
75
75
75.25
75.25
75.25
75.5
75.5
75.5
75.75
75.75
75.75
76
76
76
76.25
76.25
76.25
76.5
76.5
76.5
76.75
76.75
76.75
77
77
77
77.25
77.25
77.25
77.5
77.5
77.5
77.75
77.75
77.75
77.875
77.875
77.875
78.25
78.25
78.25
78.5
78.5
78.5
78.625
78.625
78.625
79
79
79
79.25
79.25
79.25
79.5
79.5
79.5
79.75
79.75
79.75
80
80
80
80.25
80.25
80.25
80.5
80.5
80.5
80.75
80.75
80.75
81
81
81
81.25
81.25
81.25
81.5
81.5
81.5
81.75
81.75
81.75
81.875
81.875
81.875
82.25
82.25
82.25
82.5
82.5
82.5
82.625
82.625
82.625
83
83
83
83.25
83.25
83.25
83.5
83.5
83.5
83.75
83.75
83.75
84
84
84
84.25
84.25
84.25
84.5
84.5
84.5
84.75
84.75
84.75
85
85
85
85.25
85.25
85.25
85.5
85.5
85.5
85.75
85.75
85.75
85.875
85.875
85.875
86.25
86.25
86.25
86.5
86.5
86.5
86.625
86.625
86.625
87
87
87
87.25
87.25
87.25
87.5
87.5
87.5
87.75
87.75
87.75
88
88
88
88.25
88.25
88.25
88.5
88.5
88.5
88.75
88.75
88.75
89
89
89
89.25
89.25
89.25
89.5
89.5
89.5
89.75
89.75
89.75
89.875
89.875
89.875
90.25
90.25
90.25
90.5
90.5
90.5
90.625
90.625
90.625
91
91
91
91.25
91.25
91.25
91.5
91.5
91.5
91.75
91.75
91.75
92
92
92
92.25
92.25
92.25
92.5
92.5
92.5
92.75
92.75
92.75
93
93
93
93.25
93.25
93.25
93.5
93.5
93.5
93.75
93.75
93.75
93.875
93.875
93.875
94.25
94.25
94.25
94.5
94.5
94.5
94.625
94.625
94.625
95
95
95
95.25
95.25
95.25
95.5
95.5
95.5
95.75
95.75
95.75
96
96
96
96.25
96.25
96.25
96.5
96.5
96.5
96.75
96.75
96.75
97
97
97
97.25
97.25
97.25
97.5
97.5
97.5
97.75
97.75
97.75
97.875
97.875
97.875
98.25
98.25
98.25
98.5
98.5
98.5
98.625
98.625
98.625
99
99
99
99.25
99.25
99.25
99.5
99.5
99.5
99.75
99.75
99.75
100
100
100
100.25
100.25
100.25
100.5
100.5
100.5
100.75
100.75
100.75
101
101
101
101.25
101.25
101.25
101.5
101.5
101.5
101.75
101.75
101.75
101.875
101.875
101.875
102.25
102.25
102.25
102.5
102.5
102.5
102.625
102.625
102.625
103
103
103
103.25
103.25
103.25
103.5
103.5
103.5
103.75
103.75
103.75
104
104
104
104.25
104.25
104.25
104.5
104.5
104.5
104.75
104.75
104.75
105
105
105
105.25
105.25
105.25
105.5
105.5
105.5
105.75
105.75
105.75
105.875
105.875
105.875
106.25
106.25
106.25
106.5
106.5
106.5
106.625
106.625
106.625
107
107
107
107.25
107.25
107.25
107.5
107.5
107.5
107.75
107.75
107.75
108
108
108
108.25
108.25
108.25
108.5
108.5
108.5
108.75
108.75
108.75
109
109
109
109.25
109.25
109.25
109.5
109.5
109.5
109.75
109.75
109.75
109.875
109.875
109.875
110.25
110.25
110.25
110.5
110.5
110.5
110.625
110.625
110.625
111
111
111
111.25
111.25
111.25
111.5
111.5
111.5
111.75
111.75
111.75
112
112
112
112.25
112.25
112.25
112.5
112.5
112.5
112.75
112.75
112.75
113
113
113
113.25
113.25
113.25
113.5
113.5
113.5
113.75
113.75
113.75
113.875
113.875
113.875
114.25
114.25
114.25
114.5
114.5
114.5
114.625
114.625
114.625
115
115
115
115.25
115.25
115.25
115.5
115.5
115.5
115.75
115.75
115.75
116
116
116
116.25
116.25
116.25
116.5
116.5
116.5
116.75
116.75
116.75
117
117
117
117.25
117.25
117.25
117.5
117.5
117.5
117.75
117.75
117.75
117.875
117.875
117.875
118.25
118.25
118.25
118.5
118.5
118.5
118.625
118.625
118.625
119
119
119
119.25
119.25
119.25
119.5
119.5
119.5
119.75
119.75
119.75
120
120
120
120.25
120.25
120.25
120.5
120.5
120.5
120.75
120.75
120.75
121
121
121
121.25
121.25
121.25
121.5
121.5
121.5
121.75
121.75
121.75
121.875
121.875
121.875
122.25
122.25
122.25
122.5
122.5
122.5
122.625
122.625
122.625
123
123
123
123.25
123.25
123.25
123.5
123.5
123.5
123.75
123.75
123.75
124
124
124
124.25
124.25
124.25
124.5
124.5
124.5
124.75
124.75
124.75
125
125
125
125.25
125.25
125.25
125.5
125.5
125.5
125.75
125.75
125.75
125.875
125.875
125.875
126.25
126.25
126.25
126.5
126.5
126.5
126.625
126.625
126.625
127
127
127
127.25
127.25
127.25
127.5
127.5
127.5
127.75
127.75
127.75
128
128
128
128.25
128.25
128.25
128.5
128.5
128.5
128.75
128.75
128.75
129
129
129
129.25
129.25
129.25
129.5
129.5
129.5
129.75
129.75
129.75
129.875
129.875
129.875
130.25
130.25
130.25
130.5
130.5
130.5
130.625
130.625
130.625
131
131
131
131.25
131.25
131.25
131.5
131.5
131.5
131.75
131.75
131.75
132
132
132
132.25
132.25
132.25
132.5
132.5
132.5
132.75
132.75
132.75
133
133
133
133.25
133.25
133.25
133.5
133.5
133.5
133.75
133.75
133.75
133.875
133.875
133.875
134.25
134.25
134.25
134.5
134.5
134.5
134.625
134.625
134.625
135
135
135
135.25
135.25
135.25
135.5
135.5
135.5
135.75
135.75
135.75
136
136
136
136.25
136.25
136.25
136.5
136.5
136.5
136.75
136.75
136.75
137
137
137
137.25
137.25
137.25
137.5
137.5
137.5
137.75
137.75
137.75
137.875
137.875
137.875
138.25
138.25
138.25
138.5
138.5
138.5
138.625
138.625
138.625
139
139
139
139.25
139.25
139.25
139.5
139.5
139.5
139.75
139.75
139.75
140
140
140
140.25
140.25
140.25
140.5
140.5
140.5
140.75
140.75
140.75
141
141
141
141.25
141.25
141.25
141.5
141.5
141.5
141.75
141.75
141.75
141.875
141.875
141.875
142.25
142.25
142.25
142.5
142.5
142.5
142.625
142.625
142.625
143
143
143
143.25
143.25
143.25
143.5
143.5
143.5
143.75
143.75
143.75
144
144
144
144.25
144.25
144.25
144.5
144.5
144.5
144.75
144.75
144.75
145
145
145
145.25
145.25
145.25
145.5
145.5
145.5
145.75
145.75
145.75
145.875
145.875
145.875
146.25
146.25
146.25
146.5
146.5
146.5
146.625
146.625
146.625
147
147
147
147.25
147.25
147.25
147.5
147.5
147.5
147.75
147.75
147.75
148
148
148
148.25
148.25
148.25
148.5
148.5
148.5
148.75
148.75
148.75
149
149
149
149.25
149.25
149.25
149.5
149.5
149.5
149.75
149.75
149.75
149.875
149.875
149.875
150.25
150.25
150.25
150.5
150.5
150.5
150.625
150.625
150.625
151
151
151
151.25
151.25
151.25
151.5
151.5
151.5
151.75
151.75
151.75
152
152
152
152.25
152.25
152.25
152.5
152.5
152.5
152.75
152.75
152.75
153
153
153
153.25
153.25
153.25
153.5
153.5
153.5
153.75
153.75
153.75
153.875
153.875
153.875
154.25
154.25
154.25
154.5
154.5
154.5
154.625
154.625
154.625
155
155
155
155.25
155.25
155.25
155.5
155.5
155.5
155.75
155.75
155.75
156
156
156
156.25
156.25
156.25
156.5
156.5
156.5
156.75
156.75
156.75
157
157
157
157.25
157.25
157.25
157.5
157.5
157.5
157.75
157.75
157.75
157.875
157.875
157.875
158.25
158.25
158.25
158.5
158.5
158.5
158.625
158.625
158.625
159
159
159
159.25
159.25
159.25
159.5
159.5
159.5
159.75
159.75
159.75
160
160
160
160.25
160.25
160.25
160.5
160.5
160.5
160.75
160.75
160.75
161
161
161
161.25
161.25
161.25
161.5
161.5
161.5
161.75
161.75
161.75
161.875
161.875
161.875
162.25
162.25
162.25
162.5
162.5
162.5
162.625
162.625
162.625
163
163
163
163.25
163.25
163.25
163.5
163.5
163.5
163.75
163.75
163.75
164
164
164
164.25
164.25
164.25
164.5
164.5
164.5
164.75
164.75
164.75
165
165
165
165.25
165.25
165.25
165.5
165.5
165.5
165.75
165.75
165.75
165.875
165.875
165.875
166.25
166.25
166.25
166.5
166.5
166.5
166.625
166.625
166.625
167
167
167
167.25
167.25
167.25
167.5
167.5
167.5
167.75
167.75
167.75
168
168
168
168.25
168.25
168.25
168.5
168.5
168.5
168.75
168.75
168.75
169
169
169
169.25
169.25
169.25
169.5
169.5
169.5
169.75
169.75
169.75
169.875
169.875
169.875
170.25
170.25
170.25
170.5
170.5
170.5
170.625
170.625
170.625
171
171
171
171.25
171.25
171.25
171.5
171.5
171.5
171.75
171.75
171.75
172
172
172
172.25
172.25
172.25
172.5
172.5
172.5
172.75
172.75
172.75
173
173
173
173.25
173.25
173.25
173.5
173.5
173.5
173.75
173.75
173.75
173.875
173.875
173.875
174.25
174.25
174.25
174.5
174.5
174.5
174.625
174.625
174.625
175
175
175
175.25
175.25
175.25
175.5
175.5
175.5
175.75
175.75
175.75
176
176
176
176.25
176.25
176.25
176.5
176.5
176.5
176.75
176.75
176.75
177
177
177
177.25
177.25
177.25
177.5
177.5
177.5
177.75
177.75
177.75
177.875
177.875
177.875
178.25
178.25
178.25
178.5
178.5
178.5
178.625
178.625
178.625
179
179
179
179.25
179.25
179.25
179.5
179.5
179.5
179.75
179.75
179.75
180
180
180
180.25
180.25
180.25
180.5
180.5
180.5
180.75
180.75
180.75
181
181
181
181.25
181.25
181.25
181.5
181.5
181.5
181.75
181.75
181.75
181.875
181.875
181.875
182.25
182.25
182.25
182.5
182.5
182.5
182.625
182.625
182.625
183
183
183
183.25
183.25
183.25
183.5
183.5
183.5
183.75
183.75
183.75
184
184
184
184.25
184.25
184.25
184.5
184.5
184.5
184.75
184.75
184.75
185
185
185
185.25
185.25
185.25
185.5
185.5
185.5
185.75
185.75
185.75
185.875
185.875
185.875
186.25
186.25
186.25
186.5
186.5
186.5
186.625
186.625
186.625
187
187
187
187.25
187.25
187.25
187.5
187.5
187.5
187.75
187.75
187.75
188
188
188
188.25
188.25
188.25
188.5
188.5
188.5
188.75
188.75
188.75
189
189
189
189.25
189.25
189.25
189.5
189.5
189.5
189.75
189.75
189.75
189.875
189.875
189.875
190.25
190.25
190.25
190.5
190.5
190.5
190.625
190.625
190.625
191
191
191
191.25
191.25
191.25
191.5
191.5
191.5
191.75
191.75
191.75
192
192
192
192.25
192.25
192.25
192.5
192.5
192.5
192.75
192.75
192.75
193
193
193
193.25
193.25
193.25
193.5
193.5
193.5
193.75
193.75
193.75
193.875
193.875
193.875
194.25
194.25
194.25
194.5
194.5
194.5
194.625
194.625
194.625
195
195
195
195.25
195.25
195.25
195.5
195.5
195.5
195.75
195.75
195.75
196
196
196
196.25
196.25
196.25
196.5
196.5
196.5
196.75
196.75
196.75
197
197
197
197.25
197.25
197.25
197.5
197.5
197.5
197.75
197.75
197.75
197.875
197.875
197.875
198.25
198.25
198.25
198.5
198.5
198.5
198.625
198.625
198.625
199
199
199
199.25
199.25
199.25
199.5
199.5
199.5
199.75
199.75
199.75
200
200
200
200.25
200.25
200.25
200.5
200.5
200.5
200.75
200.75
200.75
201
201
201
201.25
201.25
201.25
201.5
201.5
201.5
201.75
201.75
201.75
201.875
201.875
201.875
202.25
202.25
202.25
202.5
202.5
202.5
202.625
202.625
202.625
203
203
203
203.25
203.25
203.25
203.5
203.5
203.5
203.75
203.75
203.75
204
204
204
204.25
204.25
204.25
204.5
204.5
204.5
204.75
204.75
204.75
205
205
205
205.25
205.25
205.25
205.5
205.5
205.5
205.75
205.75
205.75
205.875
205.875
205.875
206.25
206.25
206.25
206.5
206.5
206.5
206.625
206.625
206.625
207
207
207
207.25
207.25
207.25
207.5
207.5
207.5
207.75
207.75
207.75
208
208
208
212
212
212
216
216
216
224
224
224
228
228
228
232
232
232
236
236
236
240
240
240
244
244
244
248
248
248
252
252
252
256
256
256
260
260
260
264
264
264
268
268
268
272
272
272
276
276
276
280
280
280
284
284
284
288
288
288
292
292
292
296
296
296
300
300
300
304
304
304
308
308
308
312
312
312
316
316
316
320
320
320
336
336
336
336.25
336.25
336.25
336.5
336.5
336.5
336.75
336.75
336.75
337
337
337
337.25
337.25
337.25
337.5
337.5
337.5
337.75
337.75
337.75
337.875
337.875
337.875
338.25
338.25
338.25
338.5
338.5
338.5
338.625
338.625
338.625
339
339
339
339.25
339.25
339.25
339.5
339.5
339.5
339.75
339.75
339.75
340
340
340
340.25
340.25
340.25
340.5
340.5
340.5
340.75
340.75
340.75
341
341
341
341.25
341.25
341.25
341.5
341.5
341.5
341.75
341.75
341.75
341.875
341.875
341.875
342.25
342.25
342.25
342.5
342.5
342.5
342.625
342.625
342.625
343
343
343
343.25
343.25
343.25
343.5
343.5
343.5
343.75
343.75
343.75
344
344
344
344.25
344.25
344.25
344.5
344.5
344.5
344.75
344.75
344.75
345
345
345
345.25
345.25
345.25
345.5
345.5
345.5
345.75
345.75
345.75
345.875
345.875
345.875
346.25
346.25
346.25
346.5
346.5
346.5
346.625
346.625
346.625
347
347
347
347.25
347.25
347.25
347.5
347.5
347.5
347.75
347.75
347.75
348
348
348
348.25
348.25
348.25
348.5
348.5
348.5
348.75
348.75
348.75
349
349
349
349.25
349.25
349.25
349.5
349.5
349.5
349.75
349.75
349.75
349.875
349.875
349.875
350.25
350.25
350.25
350.5
350.5
350.5
350.625
350.625
350.625
351
351
351
351.25
351.25
351.25
351.5
351.5
351.5
351.75
351.75
351.75
352
352
352
352.25
352.25
352.25
352.5
352.5
352.5
352.75
352.75
352.75
353
353
353
353.25
353.25
353.25
353.5
353.5
353.5
353.75
353.75
353.75
353.875
353.875
353.875
354.25
354.25
354.25
354.5
354.5
354.5
354.625
354.625
354.625
355
355
355
355.25
355.25
355.25
355.5
355.5
355.5
355.75
355.75
355.75
356
356
356
356.25
356.25
356.25
356.5
356.5
356.5
356.75
356.75
356.75
357
357
357
357.25
357.25
357.25
357.5
357.5
357.5
357.75
357.75
357.75
357.875
357.875
357.875
358.25
358.25
358.25
358.5
358.5
358.5
358.625
358.625
358.625
359
359
359
359.25
359.25
359.25
359.5
359.5
359.5
359.75
359.75
359.75
360
360
360
360.25
360.25
360.25
360.5
360.5
360.5
360.75
360.75
360.75
361
361
361
361.25
361.25
361.25
361.5
361.5
361.5
361.75
361.75
361.75
361.875
361.875
361.875
362.25
362.25
362.25
362.5
362.5
362.5
362.625
362.625
362.625
363
363
363
363.25
363.25
363.25
363.5
363.5
363.5
363.75
363.75
363.75
364
364
364
364.25
364.25
364.25
364.5
364.5
364.5
364.75
364.75
364.75
365
365
365
365.25
365.25
365.25
365.5
365.5
365.5
365.75
365.75
365.75
365.875
365.875
365.875
366.25
366.25
366.25
366.5
366.5
366.5
366.625
366.625
366.625
367
367
367
367.25
367.25
367.25
367.5
367.5
367.5
367.75
367.75
367.75
368
368
368
368.25
368.25
368.25
368.5
368.5
368.5
368.75
368.75
368.75
369
369
369
369.25
369.25
369.25
369.5
369.5
369.5
369.75
369.75
369.75
369.875
369.875
369.875
370.25
370.25
370.25
370.5
370.5
370.5
370.625
370.625
370.625
371
371
371
371.25
371.25
371.25
371.5
371.5
371.5
371.75
371.75
371.75
372
372
372
372.25
372.25
372.25
372.5
372.5
372.5
372.75
372.75
372.75
373
373
373
373.25
373.25
373.25
373.5
373.5
373.5
373.75
373.75
373.75
373.875
373.875
373.875
374.25
374.25
374.25
374.5
374.5
374.5
374.625
374.625
374.625
375
375
375
375.25
375.25
375.25
375.5
375.5
375.5
375.75
375.75
375.75
376
376
376
376.25
376.25
376.25
376.5
376.5
376.5
376.75
376.75
376.75
377
377
377
377.25
377.25
377.25
377.5
377.5
377.5
377.75
377.75
377.75
377.875
377.875
377.875
378.25
378.25
378.25
378.5
378.5
378.5
378.625
378.625
378.625
379
379
379
379.25
379.25
379.25
379.5
379.5
379.5
379.75
379.75
379.75
380
380
380
380.25
380.25
380.25
380.5
380.5
380.5
380.75
380.75
380.75
381
381
381
381.25
381.25
381.25
381.5
381.5
381.5
381.75
381.75
381.75
381.875
381.875
381.875
382.25
382.25
382.25
382.5
382.5
382.5
382.625
382.625
382.625
383
383
383
383.25
383.25
383.25
383.5
383.5
383.5
383.75
383.75
383.75
384
384
384
384.25
384.25
384.25
384.5
384.5
384.5
384.75
384.75
384.75
385
385
385
385.25
385.25
385.25
385.5
385.5
385.5
385.75
385.75
385.75
385.875
385.875
385.875
386.25
386.25
386.25
386.5
386.5
386.5
386.625
386.625
386.625
387
387
387
387.25
387.25
387.25
387.5
387.5
387.5
387.75
387.75
387.75
388
388
388
388.25
388.25
388.25
388.5
388.5
388.5
388.75
388.75
388.75
389
389
389
389.25
389.25
389.25
389.5
389.5
389.5
389.75
389.75
389.75
389.875
389.875
389.875
390.25
390.25
390.25
390.5
390.5
390.5
390.625
390.625
390.625
391
391
391
391.25
391.25
391.25
391.5
391.5
391.5
391.75
391.75
391.75
392
392
392
392.25
392.25
392.25
392.5
392.5
392.5
392.75
392.75
392.75
393
393
393
393.25
393.25
393.25
393.5
393.5
393.5
393.75
393.75
393.75
393.875
393.875
393.875
394.25
394.25
394.25
394.5
394.5
394.5
394.625
394.625
394.625
395
395
395
395.25
395.25
395.25
395.5
395.5
395.5
395.75
395.75
395.75
396
396
396
396.25
396.25
396.25
396.5
396.5
396.5
396.75
396.75
396.75
397
397
397
397.25
397.25
397.25
397.5
397.5
397.5
397.75
397.75
397.75
397.875
397.875
397.875
398.25
398.25
398.25
398.5
398.5
398.5
398.625
398.625
398.625
399
399
399
399.25
399.25
399.25
399.5
399.5
399.5
399.75
399.75
399.75
400
400
400
400.25
400.25
400.25
400.5
400.5
400.5
400.75
400.75
400.75
401
401
401
401.25
401.25
401.25
401.5
401.5
401.5
401.75
401.75
401.75
401.875
401.875
401.875
402.25
402.25
402.25
402.5
402.5
402.5
402.625
402.625
402.625
403
403
403
403.25
403.25
403.25
403.5
403.5
403.5
403.75
403.75
403.75
404
404
404
404.25
404.25
404.25
404.5
404.5
404.5
404.75
404.75
404.75
405
405
405
405.25
405.25
405.25
405.5
405.5
405.5
405.75
405.75
405.75
405.875
405.875
405.875
406.25
406.25
406.25
406.5
406.5
406.5
406.625
406.625
406.625
407
407
407
407.25
407.25
407.25
407.5
407.5
407.5
407.75
407.75
407.75
408
408
408
408.25
408.25
408.25
408.5
408.5
408.5
408.75
408.75
408.75
409
409
409
409.25
409.25
409.25
409.5
409.5
409.5
409.75
409.75
409.75
409.875
409.875
409.875
410.25
410.25
410.25
410.5
410.5
410.5
410.625
410.625
410.625
411
411
411
411.25
411.25
411.25
411.5
411.5
411.5
411.75
411.75
411.75
412
412
412
412.25
412.25
412.25
412.5
412.5
412.5
412.75
412.75
412.75
413
413
413
413.25
413.25
413.25
413.5
413.5
413.5
413.75
413.75
413.75
413.875
413.875
413.875
414.25
414.25
414.25
414.5
414.5
414.5
414.625
414.625
414.625
415
415
415
415.25
415.25
415.25
415.5
415.5
415.5
415.75
415.75
415.75
416
416
416
416.25
416.25
416.25
416.5
416.5
416.5
416.75
416.75
416.75
417
417
417
417.25
417.25
417.25
417.5
417.5
417.5
417.75
417.75
417.75
417.875
417.875
417.875
418.25
418.25
418.25
418.5
418.5
418.5
418.625
418.625
418.625
419
419
419
419.25
419.25
419.25
419.5
419.5
419.5
419.75
419.75
419.75
420
420
420
420.25
420.25
420.25
420.5
420.5
420.5
420.75
420.75
420.75
421
421
421
421.25
421.25
421.25
421.5
421.5
421.5
421.75
421.75
421.75
421.875
421.875
421.875
422.25
422.25
422.25
422.5
422.5
422.5
422.625
422.625
422.625
423
423
423
423.25
423.25
423.25
423.5
423.5
423.5
423.75
423.75
423.75
424
424
424
424.25
424.25
424.25
424.5
424.5
424.5
424.75
424.75
424.75
425
425
425
425.25
425.25
425.25
425.5
425.5
425.5
425.75
425.75
425.75
425.875
425.875
425.875
426.25
426.25
426.25
426.5
426.5
426.5
426.625
426.625
426.625
427
427
427
427.25
427.25
427.25
427.5
427.5
427.5
427.75
427.75
427.75
428
428
428
428.25
428.25
428.25
428.5
428.5
428.5
428.75
428.75
428.75
429
429
429
429.25
429.25
429.25
429.5
429.5
429.5
429.75
429.75
429.75
429.875
429.875
429.875
430.25
430.25
430.25
430.5
430.5
430.5
430.625
430.625
430.625
431
431
431
431.25
431.25
431.25
431.5
431.5
431.5
431.75
431.75
431.75
432
432
432
432.25
432.25
432.25
432.5
432.5
432.5
432.75
432.75
432.75
433
433
433
433.25
433.25
433.25
433.5
433.5
433.5
433.75
433.75
433.75
433.875
433.875
433.875
434.25
434.25
434.25
434.5
434.5
434.5
434.625
434.625
434.625
435
435
435
435.25
435.25
435.25
435.5
435.5
435.5
435.75
435.75
435.75
436
436
436
436.25
436.25
436.25
436.5
436.5
436.5
436.75
436.75
436.75
437
437
437
437.25
437.25
437.25
437.5
437.5
437.5
437.75
437.75
437.75
437.875
437.875
437.875
438.25
438.25
438.25
438.5
438.5
438.5
438.625
438.625
438.625
439
439
439
439.25
439.25
439.25
439.5
439.5
439.5
439.75
439.75
439.75
440
440
440
440.25
440.25
440.25
440.5
440.5
440.5
440.75
440.75
440.75
441
441
441
441.25
441.25
441.25
441.5
441.5
441.5
441.75
441.75
441.75
441.875
441.875
441.875
442.25
442.25
442.25
442.5
442.5
442.5
442.625
442.625
442.625
443
443
443
443.25
443.25
443.25
443.5
443.5
443.5
443.75
443.75
443.75
444
444
444
444.25
444.25
444.25
444.5
444.5
444.5
444.75
444.75
444.75
445
445
445
445.25
445.25
445.25
445.5
445.5
445.5
445.75
445.75
445.75
445.875
445.875
445.875
446.25
446.25
446.25
446.5
446.5
446.5
446.625
446.625
446.625
447
447
447
447.25
447.25
447.25
447.5
447.5
447.5
447.75
447.75
447.75
448
448
448
448.25
448.25
448.25
448.5
448.5
448.5
448.75
448.75
448.75
449
449
449
449.25
449.25
449.25
449.5
449.5
449.5
449.75
449.75
449.75
449.875
449.875
449.875
450.25
450.25
450.25
450.5
450.5
450.5
450.625
450.625
450.625
451
451
451
451.25
451.25
451.25
451.5
451.5
451.5
451.75
451.75
451.75
452
452
452
452.25
452.25
452.25
452.5
452.5
452.5
452.75
452.75
452.75
453
453
453
453.25
453.25
453.25
453.5
453.5
453.5
453.75
453.75
453.75
453.875
453.875
453.875
454.25
454.25
454.25
454.5
454.5
454.5
454.625
454.625
454.625
455
455
455
455.25
455.25
455.25
455.5
455.5
455.5
455.75
455.75
455.75
456
456
456
456.25
456.25
456.25
456.5
456.5
456.5
456.75
456.75
456.75
457
457
457
457.25
457.25
457.25
457.5
457.5
457.5
457.75
457.75
457.75
457.875
457.875
457.875
458.25
458.25
458.25
458.5
458.5
458.5
458.625
458.625
458.625
459
459
459
459.25
459.25
459.25
459.5
459.5
459.5
459.75
459.75
459.75
460
460
460
460.25
460.25
460.25
460.5
460.5
460.5
460.75
460.75
460.75
461
461
461
461.25
461.25
461.25
461.5
461.5
461.5
461.75
461.75
461.75
461.875
461.875
461.875
462.25
462.25
462.25
462.5
462.5
462.5
462.625
462.625
462.625
463
463
463
463.25
463.25
463.25
463.5
463.5
463.5
463.75
463.75
463.75
464
464
464
464.25
464.25
464.25
464.5
464.5
464.5
464.75
464.75
464.75
465
465
465
465.25
465.25
465.25
465.5
465.5
465.5
465.75
465.75
465.75
465.875
465.875
465.875
466.25
466.25
466.25
466.5
466.5
466.5
466.625
466.625
466.625
467
467
467
467.25
467.25
467.25
467.5
467.5
467.5
467.75
467.75
467.75
468
468
468
468.25
468.25
468.25
468.5
468.5
468.5
468.75
468.75
468.75
469
469
469
469.25
469.25
469.25
469.5
469.5
469.5
469.75
469.75
469.75
469.875
469.875
469.875
470.25
470.25
470.25
470.5
470.5
470.5
470.625
470.625
470.625
471
471
471
471.25
471.25
471.25
471.5
471.5
471.5
471.75
471.75
471.75
472
472
472
472.25
472.25
472.25
472.5
472.5
472.5
472.75
472.75
472.75
473
473
473
473.25
473.25
473.25
473.5
473.5
473.5
473.75
473.75
473.75
473.875
473.875
473.875
474.25
474.25
474.25
474.5
474.5
474.5
474.625
474.625
474.625
475
475
475
475.25
475.25
475.25
475.5
475.5
475.5
475.75
475.75
475.75
476
476
476
476.25
476.25
476.25
476.5
476.5
476.5
476.75
476.75
476.75
477
477
477
477.25
477.25
477.25
477.5
477.5
477.5
477.75
477.75
477.75
477.875
477.875
477.875
478.25
478.25
478.25
478.5
478.5
478.5
478.625
478.625
478.625
479
479
479
479.25
479.25
479.25
479.5
479.5
479.5
479.75
479.75
479.75
480
480
480
484
484
484
488
488
488
496
496
496
500
500
500
504
504
504
508
508
508
512
512
512
516
516
516
520
520
520
524
524
524
528
528
528
532
532
532
536
536
536
540
540
540
