2.75
3
4
5
5.375
5.75
6
6.375
6.75
7
8
8.75
9
10
10.75
11
11.5
12
13
17
17.03125
17.0625
17.09375
17.125
17.25
17.375
17.4375
17.5625
17.625
17.75
17.875
18
18.03125
18.0625
18.09375
18.125
18.25
18.375
18.4375
18.5625
18.625
18.75
18.875
19
19.03125
19.0625
19.09375
19.125
19.25
19.375
19.4375
19.5625
19.625
19.75
19.875
20
20.03125
20.0625
20.09375
20.125
20.25
20.375
20.4375
20.5625
20.625
20.75
20.875
21
21.03125
21.0625
21.09375
21.125
21.25
21.375
21.4375
21.5625
21.625
21.75
21.875
22
22.03125
22.0625
22.09375
22.125
22.25
22.375
22.4375
22.5625
22.625
22.75
22.875
23
23.03125
23.0625
23.09375
23.125
23.25
23.375
23.4375
23.5625
23.625
23.75
23.875
24
24.03125
24.0625
24.09375
24.125
24.25
24.375
24.4375
24.5625
24.625
24.75
24.875
25
25.03125
25.0625
25.09375
25.125
25.25
25.375
25.4375
25.5625
25.625
25.75
25.875
26
26.03125
26.0625
26.09375
26.125
26.25
26.375
26.4375
26.5625
26.625
26.75
26.875
27
27.03125
27.0625
27.09375
27.125
27.25
27.375
27.4375
27.5625
27.625
27.75
27.875
28
28.03125
28.0625
28.09375
28.125
28.25
28.375
28.4375
28.5625
28.625
28.75
28.875
29
29.0625
29.125
29.1875
29.25
29.3125
29.375
29.4375
29.5
29.5625
29.625
29.6875
29.75
29.8125
29.875
29.9375
30
30.0625
30.125
30.1875
30.25
30.3125
30.375
30.4375
30.5
30.5625
30.625
30.6875
30.75
30.8125
30.875
30.9375
31
33
33.03125
33.0625
33.09375
33.125
33.25
33.375
33.4375
33.5625
33.625
33.75
33.875
34
34.03125
34.0625
34.09375
34.125
34.25
34.375
34.4375
34.5625
34.625
34.75
34.875
35
35.03125
35.0625
35.09375
35.125
35.25
35.375
35.4375
35.5625
35.625
35.75
35.875
36
36.03125
36.0625
36.09375
36.125
36.25
36.375
36.4375
36.5625
36.625
36.75
36.875
37
37.03125
37.0625
37.09375
37.125
37.25
37.375
37.4375
37.5625
37.625
37.75
37.875
38
38.03125
38.0625
38.09375
38.125
38.25
38.375
38.4375
38.5625
38.625
38.75
38.875
39
39.03125
39.0625
39.09375
39.125
39.25
39.375
39.4375
39.5625
39.625
39.75
39.875
40
40.03125
40.0625
40.09375
40.125
40.25
40.375
40.4375
40.5625
40.625
40.75
40.875
41
41.03125
41.0625
41.09375
41.125
41.25
41.375
41.4375
41.5625
41.625
41.75
41.875
42
42.03125
42.0625
42.09375
42.125
42.25
42.375
42.4375
42.5625
42.625
42.75
42.875
43
43.03125
43.0625
43.09375
43.125
43.25
43.375
43.4375
43.5625
43.625
43.75
43.875
44
44.03125
44.0625
44.09375
44.125
44.25
44.375
44.4375
44.5625
44.625
44.75
44.875
45
45.03125
45.0625
45.09375
45.125
45.25
45.375
45.4375
45.5625
45.625
45.75
45.875
46
46.03125
46.0625
46.09375
46.125
46.25
46.375
46.4375
46.5625
46.625
46.75
46.875
47
47.03125
47.0625
47.09375
47.125
47.25
47.375
47.4375
47.5625
47.625
47.75
47.875
48
48.03125
48.0625
48.09375
48.125
48.25
48.375
48.4375
48.5625
48.625
48.75
48.875
49
49.0625
49.125
49.1875
49.25
49.3125
49.375
49.4375
49.5
49.5625
49.625
49.6875
49.75
49.8125
49.875
49.9375
50
50.0625
50.125
50.1875
50.25
50.3125
50.375
50.4375
50.5
50.5625
50.625
50.6875
50.75
50.8125
50.875
50.9375
51
61.25
61.5
61.75
61.875
62.125
62.375
62.5
62.625
62.75
62.875
63.25
63.5
63.75
63.875
64.125
64.375
65.25
65.5
65.75
65.875
66.125
66.375
66.5
66.625
66.75
66.875
67.25
67.5
67.75
67.875
68.125
68.375
70.75
71
72
73
73.375
73.75
74
74.375
74.75
75
76
76.75
77
78
78.75
79
79.5
80
81
85
85.03125
85.0625
85.09375
85.125
85.25
85.375
85.4375
85.5625
85.625
85.75
85.875
86
86.03125
86.0625
86.09375
86.125
86.25
86.375
86.4375
86.5625
86.625
86.75
86.875
87
87.03125
87.0625
87.09375
87.125
87.25
87.375
87.4375
87.5625
87.625
87.75
87.875
88
88.03125
88.0625
88.09375
88.125
88.25
88.375
88.4375
88.5625
88.625
88.75
88.875
89
89.03125
89.0625
89.09375
89.125
89.25
89.375
89.4375
89.5625
89.625
89.75
89.875
90
90.03125
90.0625
90.09375
90.125
90.25
90.375
90.4375
90.5625
90.625
90.75
90.875
91
91.03125
91.0625
91.09375
91.125
91.25
91.375
91.4375
91.5625
91.625
91.75
91.875
92
92.03125
92.0625
92.09375
92.125
92.25
92.375
92.4375
92.5625
92.625
92.75
92.875
93
93.03125
93.0625
93.09375
93.125
93.25
93.375
93.4375
93.5625
93.625
93.75
93.875
94
94.03125
94.0625
94.09375
94.125
94.25
94.375
94.4375
94.5625
94.625
94.75
94.875
95
95.03125
95.0625
95.09375
95.125
95.25
95.375
95.4375
95.5625
95.625
95.75
95.875
96
96.03125
96.0625
96.09375
96.125
96.25
96.375
96.4375
96.5625
96.625
96.75
96.875
97
97.0625
97.125
97.1875
97.25
97.3125
97.375
97.4375
97.5
97.5625
97.625
97.6875
97.75
97.8125
97.875
97.9375
98
98.0625
98.125
98.1875
98.25
98.3125
98.375
98.4375
98.5
98.5625
98.625
98.6875
98.75
98.8125
98.875
98.9375
99
101
101.03125
101.0625
101.09375
101.125
101.25
101.375
101.4375
101.5625
101.625
101.75
101.875
102
102.03125
102.0625
102.09375
102.125
102.25
102.375
102.4375
102.5625
102.625
102.75
102.875
103
103.03125
103.0625
103.09375
103.125
103.25
103.375
103.4375
103.5625
103.625
103.75
103.875
104
104.03125
104.0625
104.09375
104.125
104.25
104.375
104.4375
104.5625
104.625
104.75
104.875
105
105.03125
105.0625
105.09375
105.125
105.25
105.375
105.4375
105.5625
105.625
105.75
105.875
106
106.03125
106.0625
106.09375
106.125
106.25
106.375
106.4375
106.5625
106.625
106.75
106.875
107
107.03125
107.0625
107.09375
107.125
107.25
107.375
107.4375
107.5625
107.625
107.75
107.875
108
108.03125
108.0625
108.09375
108.125
108.25
108.375
108.4375
108.5625
108.625
108.75
108.875
109
109.03125
109.0625
109.09375
109.125
109.25
109.375
109.4375
109.5625
109.625
109.75
109.875
110
110.03125
110.0625
110.09375
110.125
110.25
110.375
110.4375
110.5625
110.625
110.75
110.875
111
111.03125
111.0625
111.09375
111.125
111.25
111.375
111.4375
111.5625
111.625
111.75
111.875
112
112.03125
112.0625
112.09375
112.125
112.25
112.375
112.4375
112.5625
112.625
112.75
112.875
113
113.03125
113.0625
113.09375
113.125
113.25
113.375
113.4375
113.5625
113.625
113.75
113.875
114
114.03125
114.0625
114.09375
114.125
114.25
114.375
114.4375
114.5625
114.625
114.75
114.875
115
115.03125
115.0625
115.09375
115.125
115.25
115.375
115.4375
115.5625
115.625
115.75
115.875
116
116.03125
116.0625
116.09375
116.125
116.25
116.375
116.4375
116.5625
116.625
116.75
116.875
117
117.0625
117.125
117.1875
117.25
117.3125
117.375
117.4375
117.5
117.5625
117.625
117.6875
117.75
117.8125
117.875
117.9375
118
118.0625
118.125
118.1875
118.25
118.3125
118.375
118.4375
118.5
118.5625
118.625
118.6875
118.75
118.8125
118.875
118.9375
119
129.25
129.5
129.75
129.875
130.125
130.375
130.5
130.625
130.75
130.875
131.25
131.5
131.75
131.875
132.125
132.375
133.25
133.5
133.75
133.875
134.125
134.375
134.5
134.625
134.75
134.875
135.25
135.5
135.75
135.875
136.125
136.375
