21
21.0625
21.125
21.25
21.375
21.5
21.6875
22
22.0625
22.125
22.25
22.375
22.5
22.6875
23
23.875
24
24.25
24.5
24.75
25
25.0625
25.125
25.25
25.375
25.5
25.6875
26
26.0625
26.125
26.25
26.375
26.5
26.6875
27
27.875
28
28.25
28.5
28.625
28.75
28.875
41
41.0625
41.125
41.25
41.375
41.5
41.6875
42
42.0625
42.125
42.25
42.375
42.5
42.6875
43
43.875
44
44.25
44.5
44.75
45
45.0625
45.125
45.25
45.375
45.5
45.6875
46
46.0625
46.125
46.25
46.375
46.5
46.6875
47
47.875
48
48.25
48.5
48.625
48.75
48.875
53
53.75
54
54.25
54.5
54.75
55
55.375
55.75
56
57
57.75
58
58.25
58.5
58.75
59
89
89.0625
89.125
89.25
89.375
89.5
89.6875
90
90.0625
90.125
90.25
90.375
90.5
90.6875
91
91.875
92
92.25
92.5
92.75
93
93.0625
93.125
93.25
93.375
93.5
93.6875
94
94.0625
94.125
94.25
94.375
94.5
94.6875
95
95.875
96
96.25
96.5
96.625
96.75
96.875
109
109.0625
109.125
109.25
109.375
109.5
109.6875
110
110.0625
110.125
110.25
110.375
110.5
110.6875
111
111.875
112
112.25
112.5
112.75
113
113.0625
113.125
113.25
113.375
113.5
113.6875
114
114.0625
114.125
114.25
114.375
114.5
114.6875
115
115.875
116
116.25
116.5
116.625
116.75
116.875
121
121.75
122
122.25
122.5
122.75
123
123.375
123.75
124
125
125.75
126
126.25
126.5
126.75
127
