80
80.25
80.5
81
81.5
82
82.75
84
84.25
84.5
85
85.5
86
86.75
88
91.5
92
93
94
95
96
96.25
96.5
97
97.5
98
98.75
100
100.25
100.5
101
101.5
102
102.75
104
107.5
108
109
110
110.5
111
111.5
112
112.125
112.25
112.375
112.5
112.625
112.75
112.875
113
113.125
113.25
113.375
113.5
113.625
113.75
113.875
114
114.125
114.25
114.375
114.5
114.625
114.75
114.875
115
115.125
115.25
115.375
115.5
115.625
115.75
115.875
116
116.125
116.25
116.375
116.5
116.625
116.75
116.875
117
117.125
117.25
117.375
117.5
117.625
117.75
117.875
118
118.125
118.25
118.375
118.5
118.625
118.75
118.875
119
119.125
119.25
119.375
119.5
119.625
119.75
119.875
120
120.125
120.25
120.375
120.5
120.625
120.75
120.875
121
121.125
121.25
121.375
121.5
121.625
121.75
121.875
122
122.125
122.25
122.375
122.5
122.625
122.75
122.875
123
123.125
123.25
123.375
123.5
123.625
123.75
123.875
124
124.125
124.25
124.375
124.5
124.625
124.75
124.875
125
125.125
125.25
125.375
125.5
125.625
125.75
125.875
126
126.125
126.25
126.375
126.5
126.625
126.75
126.875
127
127.125
127.25
127.375
127.5
127.625
127.75
127.875
160
160.25
160.5
161
161.5
162
162.75
164
164.25
164.5
165
165.5
166
166.75
168
171.5
172
173
174
175
176
176.25
176.5
177
177.5
178
178.75
180
180.25
180.5
181
181.5
182
182.75
184
187.5
188
189
190
190.5
191
191.5
192
192.125
192.25
192.375
192.5
192.625
192.75
192.875
193
193.125
193.25
193.375
193.5
193.625
193.75
193.875
194
194.125
194.25
194.375
194.5
194.625
194.75
194.875
195
195.125
195.25
195.375
195.5
195.625
195.75
195.875
196
196.125
196.25
196.375
196.5
196.625
196.75
196.875
197
197.125
197.25
197.375
197.5
197.625
197.75
197.875
198
198.125
198.25
198.375
198.5
198.625
198.75
198.875
199
199.125
199.25
199.375
199.5
199.625
199.75
199.875
200
200.125
200.25
200.375
200.5
200.625
200.75
200.875
201
201.125
201.25
201.375
201.5
201.625
201.75
201.875
202
202.125
202.25
202.375
202.5
202.625
202.75
202.875
203
203.125
203.25
203.375
203.5
203.625
203.75
203.875
204
204.125
204.25
204.375
204.5
204.625
204.75
204.875
205
205.125
205.25
205.375
205.5
205.625
205.75
205.875
206
206.125
206.25
206.375
206.5
206.625
206.75
206.875
207
207.125
207.25
207.375
207.5
207.625
207.75
207.875
208
208.125
208.25
208.375
208.5
208.625
208.75
208.875
209
209.125
209.25
209.375
209.5
209.625
209.75
209.875
210
210.125
210.25
210.375
210.5
210.625
210.75
210.875
211
211.125
211.25
211.375
211.5
211.625
211.75
211.875
212
212.125
212.25
212.375
212.5
212.625
212.75
212.875
213
213.125
213.25
213.375
213.5
213.625
213.75
213.875
214
214.125
214.25
214.375
214.5
214.625
214.75
214.875
215
215.125
215.25
215.375
215.5
215.625
215.75
215.875
216
216.125
216.25
216.375
216.5
216.625
216.75
216.875
217
217.125
217.25
217.375
217.5
217.625
217.75
217.875
218
218.125
218.25
218.375
218.5
218.625
218.75
218.875
219
219.125
219.25
219.375
219.5
219.625
219.75
219.875
220
220.125
220.25
220.375
220.5
220.625
220.75
220.875
221
221.125
221.25
221.375
221.5
221.625
221.75
221.875
222
222.125
222.25
222.375
222.5
222.625
222.75
222.875
223
223.125
223.25
223.375
223.5
223.625
223.75
223.875
224
224.125
224.25
224.375
224.5
224.625
224.75
224.875
225
225.125
225.25
225.375
225.5
225.625
225.75
225.875
226
226.125
226.25
226.375
226.5
226.625
226.75
226.875
227
227.125
227.25
227.375
227.5
227.625
227.75
227.875
228
228.125
228.25
228.375
228.5
228.625
228.75
228.875
229
229.125
229.25
229.375
229.5
229.625
229.75
229.875
230
230.125
230.25
230.375
230.5
230.625
230.75
230.875
231
231.125
231.25
231.375
231.5
231.625
231.75
231.875
232
232.125
232.25
232.375
232.5
232.625
232.75
232.875
233
233.125
233.25
233.375
233.5
233.625
233.75
233.875
234
234.125
234.25
234.375
234.5
234.625
234.75
234.875
235
235.125
235.25
235.375
235.5
235.625
235.75
235.875
236
236.125
236.25
236.375
236.5
236.625
236.75
236.875
237
237.125
237.25
237.375
237.5
237.625
237.75
237.875
238
238.125
238.25
238.375
238.5
238.625
238.75
238.875
239
239.125
239.25
239.375
239.5
239.625
239.75
239.875
240
240.125
240.25
240.375
240.5
240.625
240.75
240.875
241
241.125
241.25
241.375
241.5
241.625
241.75
241.875
242
242.125
242.25
242.375
242.5
242.625
242.75
242.875
243
243.125
243.25
243.375
243.5
243.625
243.75
243.875
244
244.125
244.25
244.375
244.5
244.625
244.75
244.875
245
245.125
245.25
245.375
245.5
245.625
245.75
245.875
246
246.125
246.25
246.375
246.5
246.625
246.75
246.875
247
247.125
247.25
247.375
247.5
247.625
247.75
247.875
248
248.125
248.25
248.375
248.5
248.625
248.75
248.875
249
249.125
249.25
249.375
249.5
249.625
249.75
249.875
250
250.125
250.25
250.375
250.5
250.625
250.75
250.875
251
251.125
251.25
251.375
251.5
251.625
251.75
251.875
252
252.125
252.25
252.375
252.5
252.625
252.75
252.875
253
253.125
253.25
253.375
253.5
253.625
253.75
253.875
254
254.125
254.25
254.375
254.5
254.625
254.75
254.875
255
255.125
255.25
255.375
255.5
255.625
255.75
255.875
256
256.125
256.25
256.375
256.5
256.625
256.75
256.875
257
257.125
257.25
257.375
257.5
257.625
257.75
257.875
258
258.125
258.25
258.375
258.5
258.625
258.75
258.875
259
259.125
259.25
259.375
259.5
259.625
259.75
259.875
260
260.125
260.25
260.375
260.5
260.625
260.75
260.875
261
261.125
261.25
261.375
261.5
261.625
261.75
261.875
262
262.125
262.25
262.375
262.5
262.625
262.75
262.875
263
263.125
263.25
263.375
263.5
263.625
263.75
263.875
264
264.125
264.25
264.375
264.5
264.625
264.75
264.875
265
265.125
265.25
265.375
265.5
265.625
265.75
265.875
266
266.125
266.25
266.375
266.5
266.625
266.75
266.875
267
267.125
267.25
267.375
267.5
267.625
267.75
267.875
268
268.125
268.25
268.375
268.5
268.625
268.75
268.875
269
269.125
269.25
269.375
269.5
269.625
269.75
269.875
270
270.125
270.25
270.375
270.5
270.625
270.75
270.875
271
271.125
271.25
271.375
271.5
271.625
271.75
271.875
352
352.25
352.5
353
353.5
354
354.75
356
356.25
356.5
357
357.5
358
358.75
360
363.5
364
365
366
367
368
368.25
368.5
369
369.5
370
370.75
372
372.25
372.5
373
373.5
374
374.75
376
379.5
380
381
382
382.5
383
383.5
384
384.125
384.25
384.375
384.5
384.625
384.75
384.875
385
385.125
385.25
385.375
385.5
385.625
385.75
385.875
386
386.125
386.25
386.375
386.5
386.625
386.75
386.875
387
387.125
387.25
387.375
387.5
387.625
387.75
387.875
388
388.125
388.25
388.375
388.5
388.625
388.75
388.875
389
389.125
389.25
389.375
389.5
389.625
389.75
389.875
390
390.125
390.25
390.375
390.5
390.625
390.75
390.875
391
391.125
391.25
391.375
391.5
391.625
391.75
391.875
392
392.125
392.25
392.375
392.5
392.625
392.75
392.875
393
393.125
393.25
393.375
393.5
393.625
393.75
393.875
394
394.125
394.25
394.375
394.5
394.625
394.75
394.875
395
395.125
395.25
395.375
395.5
395.625
395.75
395.875
396
396.125
396.25
396.375
396.5
396.625
396.75
396.875
397
397.125
397.25
397.375
397.5
397.625
397.75
397.875
398
398.125
398.25
398.375
398.5
398.625
398.75
398.875
399
399.125
399.25
399.375
399.5
399.625
399.75
399.875
432
432.25
432.5
433
433.5
434
434.75
436
436.25
436.5
437
437.5
438
438.75
440
443.5
444
445
446
447
448
448.25
448.5
449
449.5
450
450.75
452
452.25
452.5
453
453.5
454
454.75
456
459.5
460
461
462
462.5
463
463.5
464
464.125
464.25
464.375
464.5
464.625
464.75
464.875
465
465.125
465.25
465.375
465.5
465.625
465.75
465.875
466
466.125
466.25
466.375
466.5
466.625
466.75
466.875
467
467.125
467.25
467.375
467.5
467.625
467.75
467.875
468
468.125
468.25
468.375
468.5
468.625
468.75
468.875
469
469.125
469.25
469.375
469.5
469.625
469.75
469.875
470
470.125
470.25
470.375
470.5
470.625
470.75
470.875
471
471.125
471.25
471.375
471.5
471.625
471.75
471.875
472
472.125
472.25
472.375
472.5
472.625
472.75
472.875
473
473.125
473.25
473.375
473.5
473.625
473.75
473.875
474
474.125
474.25
474.375
474.5
474.625
474.75
474.875
475
475.125
475.25
475.375
475.5
475.625
475.75
475.875
476
476.125
476.25
476.375
476.5
476.625
476.75
476.875
477
477.125
477.25
477.375
477.5
477.625
477.75
477.875
478
478.125
478.25
478.375
478.5
478.625
478.75
478.875
479
479.125
479.25
479.375
479.5
479.625
479.75
479.875
480
480.125
480.25
480.375
480.5
480.625
480.75
480.875
481
481.125
481.25
481.375
481.5
481.625
481.75
481.875
482
482.125
482.25
482.375
482.5
482.625
482.75
482.875
483
483.125
483.25
483.375
483.5
483.625
483.75
483.875
484
484.125
484.25
484.375
484.5
484.625
484.75
484.875
485
485.125
485.25
485.375
485.5
485.625
485.75
485.875
486
486.125
486.25
486.375
486.5
486.625
486.75
486.875
487
487.125
487.25
487.375
487.5
487.625
487.75
487.875
488
488.125
488.25
488.375
488.5
488.625
488.75
488.875
489
489.125
489.25
489.375
489.5
489.625
489.75
489.875
490
490.125
490.25
490.375
490.5
490.625
490.75
490.875
491
491.125
491.25
491.375
491.5
491.625
491.75
491.875
492
492.125
492.25
492.375
492.5
492.625
492.75
492.875
493
493.125
493.25
493.375
493.5
493.625
493.75
493.875
494
494.125
494.25
494.375
494.5
494.625
494.75
494.875
495
495.125
495.25
495.375
495.5
495.625
495.75
495.875
496
496.125
496.25
496.375
496.5
496.625
496.75
496.875
497
497.125
497.25
497.375
497.5
497.625
497.75
497.875
498
498.125
498.25
498.375
498.5
498.625
498.75
498.875
499
499.125
499.25
499.375
499.5
499.625
499.75
499.875
500
500.125
500.25
500.375
500.5
500.625
500.75
500.875
501
501.125
501.25
501.375
501.5
501.625
501.75
501.875
502
502.125
502.25
502.375
502.5
502.625
502.75
502.875
503
503.125
503.25
503.375
503.5
503.625
503.75
503.875
504
504.125
504.25
504.375
504.5
504.625
504.75
504.875
505
505.125
505.25
505.375
505.5
505.625
505.75
505.875
506
506.125
506.25
506.375
506.5
506.625
506.75
506.875
507
507.125
507.25
507.375
507.5
507.625
507.75
507.875
508
508.125
508.25
508.375
508.5
508.625
508.75
508.875
509
509.125
509.25
509.375
509.5
509.625
509.75
509.875
510
510.125
510.25
510.375
510.5
510.625
510.75
510.875
511
511.125
511.25
511.375
511.5
511.625
511.75
511.875
512
512.125
512.25
512.375
512.5
512.625
512.75
512.875
513
513.125
513.25
513.375
513.5
513.625
513.75
513.875
514
514.125
514.25
514.375
514.5
514.625
514.75
514.875
515
515.125
515.25
515.375
515.5
515.625
515.75
515.875
516
516.125
516.25
516.375
516.5
516.625
516.75
516.875
517
517.125
517.25
517.375
517.5
517.625
517.75
517.875
518
518.125
518.25
518.375
518.5
518.625
518.75
518.875
519
519.125
519.25
519.375
519.5
519.625
519.75
519.875
520
520.125
520.25
520.375
520.5
520.625
520.75
520.875
521
521.125
521.25
521.375
521.5
521.625
521.75
521.875
522
522.125
522.25
522.375
522.5
522.625
522.75
522.875
523
523.125
523.25
523.375
523.5
523.625
523.75
523.875
524
524.125
524.25
524.375
524.5
524.625
524.75
524.875
525
525.125
525.25
525.375
525.5
525.625
525.75
525.875
526
526.125
526.25
526.375
526.5
526.625
526.75
526.875
527
527.125
527.25
527.375
527.5
527.625
527.75
527.875
528
528.125
528.25
528.375
528.5
528.625
528.75
528.875
529
529.125
529.25
529.375
529.5
529.625
529.75
529.875
530
530.125
530.25
530.375
530.5
530.625
530.75
530.875
531
531.125
531.25
531.375
531.5
531.625
531.75
531.875
532
532.125
532.25
532.375
532.5
532.625
532.75
532.875
533
533.125
533.25
533.375
533.5
533.625
533.75
533.875
534
534.125
534.25
534.375
534.5
534.625
534.75
534.875
535
535.125
535.25
535.375
535.5
535.625
535.75
535.875
536
536.125
536.25
536.375
536.5
536.625
536.75
536.875
537
537.125
537.25
537.375
537.5
537.625
537.75
537.875
538
538.125
538.25
538.375
538.5
538.625
538.75
538.875
539
539.125
539.25
539.375
539.5
539.625
539.75
539.875
540
540.125
540.25
540.375
540.5
540.625
540.75
540.875
541
541.125
541.25
541.375
541.5
541.625
541.75
541.875
542
542.125
542.25
542.375
542.5
542.625
542.75
542.875
543
543.125
543.25
543.375
543.5
543.625
543.75
543.875
