1
1
1
2
2
2
3
3
3
4
4
4
5
5
5
6
6
6
7
7
7
8
8
8
9
9
9
10
10
10
11
11
11
12
12
12
13
13
13
17
17
17
17.0625
17.0625
17.0625
17.125
17.125
17.125
17.1875
17.1875
17.1875
17.25
17.25
17.25
17.3125
17.3125
17.3125
17.375
17.375
17.375
17.4375
17.4375
17.4375
17.46875
17.46875
17.46875
17.5625
17.5625
17.5625
17.625
17.625
17.625
17.65625
17.65625
17.65625
17.75
17.75
17.75
17.8125
17.8125
17.8125
17.875
17.875
17.875
17.9375
17.9375
17.9375
18
18
18
18.0625
18.0625
18.0625
18.125
18.125
18.125
18.1875
18.1875
18.1875
18.25
18.25
18.25
18.3125
18.3125
18.3125
18.375
18.375
18.375
18.4375
18.4375
18.4375
18.46875
18.46875
18.46875
18.5625
18.5625
18.5625
18.625
18.625
18.625
18.65625
18.65625
18.65625
18.75
18.75
18.75
18.8125
18.8125
18.8125
18.875
18.875
18.875
18.9375
18.9375
18.9375
19
19
19
19.0625
19.0625
19.0625
19.125
19.125
19.125
19.1875
19.1875
19.1875
19.25
19.25
19.25
19.3125
19.3125
19.3125
19.375
19.375
19.375
19.4375
19.4375
19.4375
19.46875
19.46875
19.46875
19.5625
19.5625
19.5625
19.625
19.625
19.625
19.65625
19.65625
19.65625
19.75
19.75
19.75
19.8125
19.8125
19.8125
19.875
19.875
19.875
19.9375
19.9375
19.9375
20
20
20
20.0625
20.0625
20.0625
20.125
20.125
20.125
20.1875
20.1875
20.1875
20.25
20.25
20.25
20.3125
20.3125
20.3125
20.375
20.375
20.375
20.4375
20.4375
20.4375
20.46875
20.46875
20.46875
20.5625
20.5625
20.5625
20.625
20.625
20.625
20.65625
20.65625
20.65625
20.75
20.75
20.75
20.8125
20.8125
20.8125
20.875
20.875
20.875
20.9375
20.9375
20.9375
21
21
21
21.0625
21.0625
21.0625
21.125
21.125
21.125
21.1875
21.1875
21.1875
21.25
21.25
21.25
21.3125
21.3125
21.3125
21.375
21.375
21.375
21.4375
21.4375
21.4375
21.46875
21.46875
21.46875
21.5625
21.5625
21.5625
21.625
21.625
21.625
21.65625
21.65625
21.65625
21.75
21.75
21.75
21.8125
21.8125
21.8125
21.875
21.875
21.875
21.9375
21.9375
21.9375
22
22
22
22.0625
22.0625
22.0625
22.125
22.125
22.125
22.1875
22.1875
22.1875
22.25
22.25
22.25
22.3125
22.3125
22.3125
22.375
22.375
22.375
22.4375
22.4375
22.4375
22.46875
22.46875
22.46875
22.5625
22.5625
22.5625
22.625
22.625
22.625
22.65625
22.65625
22.65625
22.75
22.75
22.75
22.8125
22.8125
22.8125
22.875
22.875
22.875
22.9375
22.9375
22.9375
23
23
23
23.0625
23.0625
23.0625
23.125
23.125
23.125
23.1875
23.1875
23.1875
23.25
23.25
23.25
23.3125
23.3125
23.3125
23.375
23.375
23.375
23.4375
23.4375
23.4375
23.46875
23.46875
23.46875
23.5625
23.5625
23.5625
23.625
23.625
23.625
23.65625
23.65625
23.65625
23.75
23.75
23.75
23.8125
23.8125
23.8125
23.875
23.875
23.875
23.9375
23.9375
23.9375
24
24
24
24.0625
24.0625
24.0625
24.125
24.125
24.125
24.1875
24.1875
24.1875
24.25
24.25
24.25
24.3125
24.3125
24.3125
24.375
24.375
24.375
24.4375
24.4375
24.4375
24.46875
24.46875
24.46875
24.5625
24.5625
24.5625
24.625
24.625
24.625
24.65625
24.65625
24.65625
24.75
24.75
24.75
24.8125
24.8125
24.8125
24.875
24.875
24.875
24.9375
24.9375
24.9375
25
25
25
25.0625
25.0625
25.0625
25.125
25.125
25.125
25.1875
25.1875
25.1875
25.25
25.25
25.25
25.3125
25.3125
25.3125
25.375
25.375
25.375
25.4375
25.4375
25.4375
25.46875
25.46875
25.46875
25.5625
25.5625
25.5625
25.625
25.625
25.625
25.65625
25.65625
25.65625
25.75
25.75
25.75
25.8125
25.8125
25.8125
25.875
25.875
25.875
25.9375
25.9375
25.9375
26
26
26
26.0625
26.0625
26.0625
26.125
26.125
26.125
26.1875
26.1875
26.1875
26.25
26.25
26.25
26.3125
26.3125
26.3125
26.375
26.375
26.375
26.4375
26.4375
26.4375
26.46875
26.46875
26.46875
26.5625
26.5625
26.5625
26.625
26.625
26.625
26.65625
26.65625
26.65625
26.75
26.75
26.75
26.8125
26.8125
26.8125
26.875
26.875
26.875
26.9375
26.9375
26.9375
27
27
27
27.0625
27.0625
27.0625
27.125
27.125
27.125
27.1875
27.1875
27.1875
27.25
27.25
27.25
27.3125
27.3125
27.3125
27.375
27.375
27.375
27.4375
27.4375
27.4375
27.46875
27.46875
27.46875
27.5625
27.5625
27.5625
27.625
27.625
27.625
27.65625
27.65625
27.65625
27.75
27.75
27.75
27.8125
27.8125
27.8125
27.875
27.875
27.875
27.9375
27.9375
27.9375
28
28
28
28.0625
28.0625
28.0625
28.125
28.125
28.125
28.1875
28.1875
28.1875
28.25
28.25
28.25
28.3125
28.3125
28.3125
28.375
28.375
28.375
28.4375
28.4375
28.4375
28.46875
28.46875
28.46875
28.5625
28.5625
28.5625
28.625
28.625
28.625
28.65625
28.65625
28.65625
28.75
28.75
28.75
28.8125
28.8125
28.8125
28.875
28.875
28.875
28.9375
28.9375
28.9375
29
29
29
29.0625
29.0625
29.0625
29.125
29.125
29.125
29.1875
29.1875
29.1875
29.25
29.25
29.25
29.3125
29.3125
29.3125
29.375
29.375
29.375
29.4375
29.4375
29.4375
29.46875
29.46875
29.46875
29.5625
29.5625
29.5625
29.625
29.625
29.625
29.65625
29.65625
29.65625
29.75
29.75
29.75
29.8125
29.8125
29.8125
29.875
29.875
29.875
29.9375
29.9375
29.9375
30
30
30
30.0625
30.0625
30.0625
30.125
30.125
30.125
30.1875
30.1875
30.1875
30.25
30.25
30.25
30.3125
30.3125
30.3125
30.375
30.375
30.375
30.4375
30.4375
30.4375
30.46875
30.46875
30.46875
30.5625
30.5625
30.5625
30.625
30.625
30.625
30.65625
30.65625
30.65625
30.75
30.75
30.75
30.8125
30.8125
30.8125
30.875
30.875
30.875
30.9375
30.9375
30.9375
31
31
31
31.0625
31.0625
31.0625
31.125
31.125
31.125
31.1875
31.1875
31.1875
31.25
31.25
31.25
31.3125
31.3125
31.3125
31.375
31.375
31.375
31.4375
31.4375
31.4375
31.46875
31.46875
31.46875
31.5625
31.5625
31.5625
31.625
31.625
31.625
31.65625
31.65625
31.65625
31.75
31.75
31.75
31.8125
31.8125
31.8125
31.875
31.875
31.875
31.9375
31.9375
31.9375
32
32
32
32.0625
32.0625
32.0625
32.125
32.125
32.125
32.1875
32.1875
32.1875
32.25
32.25
32.25
32.3125
32.3125
32.3125
32.375
32.375
32.375
32.4375
32.4375
32.4375
32.46875
32.46875
32.46875
32.5625
32.5625
32.5625
32.625
32.625
32.625
32.65625
32.65625
32.65625
32.75
32.75
32.75
32.8125
32.8125
32.8125
32.875
32.875
32.875
32.9375
32.9375
32.9375
33
33
33
33.0625
33.0625
33.0625
33.125
33.125
33.125
33.1875
33.1875
33.1875
33.25
33.25
33.25
33.3125
33.3125
33.3125
33.375
33.375
33.375
33.4375
33.4375
33.4375
33.46875
33.46875
33.46875
33.5625
33.5625
33.5625
33.625
33.625
33.625
33.65625
33.65625
33.65625
33.75
33.75
33.75
33.8125
33.8125
33.8125
33.875
33.875
33.875
33.9375
33.9375
33.9375
34
34
34
34.0625
34.0625
34.0625
34.125
34.125
34.125
34.1875
34.1875
34.1875
34.25
34.25
34.25
34.3125
34.3125
34.3125
34.375
34.375
34.375
34.4375
34.4375
34.4375
34.46875
34.46875
34.46875
34.5625
34.5625
34.5625
34.625
34.625
34.625
34.65625
34.65625
34.65625
34.75
34.75
34.75
34.8125
34.8125
34.8125
34.875
34.875
34.875
34.9375
34.9375
34.9375
35
35
35
35.0625
35.0625
35.0625
35.125
35.125
35.125
35.1875
35.1875
35.1875
35.25
35.25
35.25
35.3125
35.3125
35.3125
35.375
35.375
35.375
35.4375
35.4375
35.4375
35.46875
35.46875
35.46875
35.5625
35.5625
35.5625
35.625
35.625
35.625
35.65625
35.65625
35.65625
35.75
35.75
35.75
35.8125
35.8125
35.8125
35.875
35.875
35.875
35.9375
35.9375
35.9375
36
36
36
36.0625
36.0625
36.0625
36.125
36.125
36.125
36.1875
36.1875
36.1875
36.25
36.25
36.25
36.3125
36.3125
36.3125
36.375
36.375
36.375
36.4375
36.4375
36.4375
36.46875
36.46875
36.46875
36.5625
36.5625
36.5625
36.625
36.625
36.625
36.65625
36.65625
36.65625
36.75
36.75
36.75
36.8125
36.8125
36.8125
36.875
36.875
36.875
36.9375
36.9375
36.9375
37
37
37
37.0625
37.0625
37.0625
37.125
37.125
37.125
37.1875
37.1875
37.1875
37.25
37.25
37.25
37.3125
37.3125
37.3125
37.375
37.375
37.375
37.4375
37.4375
37.4375
37.46875
37.46875
37.46875
37.5625
37.5625
37.5625
37.625
37.625
37.625
37.65625
37.65625
37.65625
37.75
37.75
37.75
37.8125
37.8125
37.8125
37.875
37.875
37.875
37.9375
37.9375
37.9375
38
38
38
38.0625
38.0625
38.0625
38.125
38.125
38.125
38.1875
38.1875
38.1875
38.25
38.25
38.25
38.3125
38.3125
38.3125
38.375
38.375
38.375
38.4375
38.4375
38.4375
38.46875
38.46875
38.46875
38.5625
38.5625
38.5625
38.625
38.625
38.625
38.65625
38.65625
38.65625
38.75
38.75
38.75
38.8125
38.8125
38.8125
38.875
38.875
38.875
38.9375
38.9375
38.9375
39
39
39
39.0625
39.0625
39.0625
39.125
39.125
39.125
39.1875
39.1875
39.1875
39.25
39.25
39.25
39.3125
39.3125
39.3125
39.375
39.375
39.375
39.4375
39.4375
39.4375
39.46875
39.46875
39.46875
39.5625
39.5625
39.5625
39.625
39.625
39.625
39.65625
39.65625
39.65625
39.75
39.75
39.75
39.8125
39.8125
39.8125
39.875
39.875
39.875
39.9375
39.9375
39.9375
40
40
40
40.0625
40.0625
40.0625
40.125
40.125
40.125
40.1875
40.1875
40.1875
40.25
40.25
40.25
40.3125
40.3125
40.3125
40.375
40.375
40.375
40.4375
40.4375
40.4375
40.46875
40.46875
40.46875
40.5625
40.5625
40.5625
40.625
40.625
40.625
40.65625
40.65625
40.65625
40.75
40.75
40.75
40.8125
40.8125
40.8125
40.875
40.875
40.875
40.9375
40.9375
40.9375
41
41
41
41.0625
41.0625
41.0625
41.125
41.125
41.125
41.1875
41.1875
41.1875
41.25
41.25
41.25
41.3125
41.3125
41.3125
41.375
41.375
41.375
41.4375
41.4375
41.4375
41.46875
41.46875
41.46875
41.5625
41.5625
41.5625
41.625
41.625
41.625
41.65625
41.65625
41.65625
41.75
41.75
41.75
41.8125
41.8125
41.8125
41.875
41.875
41.875
41.9375
41.9375
41.9375
42
42
42
42.0625
42.0625
42.0625
42.125
42.125
42.125
42.1875
42.1875
42.1875
42.25
42.25
42.25
42.3125
42.3125
42.3125
42.375
42.375
42.375
42.4375
42.4375
42.4375
42.46875
42.46875
42.46875
42.5625
42.5625
42.5625
42.625
42.625
42.625
42.65625
42.65625
42.65625
42.75
42.75
42.75
42.8125
42.8125
42.8125
42.875
42.875
42.875
42.9375
42.9375
42.9375
43
43
43
43.0625
43.0625
43.0625
43.125
43.125
43.125
43.1875
43.1875
43.1875
43.25
43.25
43.25
43.3125
43.3125
43.3125
43.375
43.375
43.375
43.4375
43.4375
43.4375
43.46875
43.46875
43.46875
43.5625
43.5625
43.5625
43.625
43.625
43.625
43.65625
43.65625
43.65625
43.75
43.75
43.75
43.8125
43.8125
43.8125
43.875
43.875
43.875
43.9375
43.9375
43.9375
44
44
44
44.0625
44.0625
44.0625
44.125
44.125
44.125
44.1875
44.1875
44.1875
44.25
44.25
44.25
44.3125
44.3125
44.3125
44.375
44.375
44.375
44.4375
44.4375
44.4375
44.46875
44.46875
44.46875
44.5625
44.5625
44.5625
44.625
44.625
44.625
44.65625
44.65625
44.65625
44.75
44.75
44.75
44.8125
44.8125
44.8125
44.875
44.875
44.875
44.9375
44.9375
44.9375
45
45
45
45.0625
45.0625
45.0625
45.125
45.125
45.125
45.1875
45.1875
45.1875
45.25
45.25
45.25
45.3125
45.3125
45.3125
45.375
45.375
45.375
45.4375
45.4375
45.4375
45.46875
45.46875
45.46875
45.5625
45.5625
45.5625
45.625
45.625
45.625
45.65625
45.65625
45.65625
45.75
45.75
45.75
45.8125
45.8125
45.8125
45.875
45.875
45.875
45.9375
45.9375
45.9375
46
46
46
46.0625
46.0625
46.0625
46.125
46.125
46.125
46.1875
46.1875
46.1875
46.25
46.25
46.25
46.3125
46.3125
46.3125
46.375
46.375
46.375
46.4375
46.4375
46.4375
46.46875
46.46875
46.46875
46.5625
46.5625
46.5625
46.625
46.625
46.625
46.65625
46.65625
46.65625
46.75
46.75
46.75
46.8125
46.8125
46.8125
46.875
46.875
46.875
46.9375
46.9375
46.9375
47
47
47
47.0625
47.0625
47.0625
47.125
47.125
47.125
47.1875
47.1875
47.1875
47.25
47.25
47.25
47.3125
47.3125
47.3125
47.375
47.375
47.375
47.4375
47.4375
47.4375
47.46875
47.46875
47.46875
47.5625
47.5625
47.5625
47.625
47.625
47.625
47.65625
47.65625
47.65625
47.75
47.75
47.75
47.8125
47.8125
47.8125
47.875
47.875
47.875
47.9375
47.9375
47.9375
48
48
48
48.0625
48.0625
48.0625
48.125
48.125
48.125
48.1875
48.1875
48.1875
48.25
48.25
48.25
48.3125
48.3125
48.3125
48.375
48.375
48.375
48.4375
48.4375
48.4375
48.46875
48.46875
48.46875
48.5625
48.5625
48.5625
48.625
48.625
48.625
48.65625
48.65625
48.65625
48.75
48.75
48.75
48.8125
48.8125
48.8125
48.875
48.875
48.875
48.9375
48.9375
48.9375
49
49
49
49.0625
49.0625
49.0625
49.125
49.125
49.125
49.1875
49.1875
49.1875
49.25
49.25
49.25
49.3125
49.3125
49.3125
49.375
49.375
49.375
49.4375
49.4375
49.4375
49.46875
49.46875
49.46875
49.5625
49.5625
49.5625
49.625
49.625
49.625
49.65625
49.65625
49.65625
49.75
49.75
49.75
49.8125
49.8125
49.8125
49.875
49.875
49.875
49.9375
49.9375
49.9375
50
50
50
50.0625
50.0625
50.0625
50.125
50.125
50.125
50.1875
50.1875
50.1875
50.25
50.25
50.25
50.3125
50.3125
50.3125
50.375
50.375
50.375
50.4375
50.4375
50.4375
50.46875
50.46875
50.46875
50.5625
50.5625
50.5625
50.625
50.625
50.625
50.65625
50.65625
50.65625
50.75
50.75
50.75
50.8125
50.8125
50.8125
50.875
50.875
50.875
50.9375
50.9375
50.9375
51
51
51
51.0625
51.0625
51.0625
51.125
51.125
51.125
51.1875
51.1875
51.1875
51.25
51.25
51.25
51.3125
51.3125
51.3125
51.375
51.375
51.375
51.4375
51.4375
51.4375
51.46875
51.46875
51.46875
51.5625
51.5625
51.5625
51.625
51.625
51.625
51.65625
51.65625
51.65625
51.75
51.75
51.75
51.8125
51.8125
51.8125
51.875
51.875
51.875
51.9375
51.9375
51.9375
52
52
52
52.0625
52.0625
52.0625
52.125
52.125
52.125
52.1875
52.1875
52.1875
52.25
52.25
52.25
52.3125
52.3125
52.3125
52.375
52.375
52.375
52.4375
52.4375
52.4375
52.46875
52.46875
52.46875
52.5625
52.5625
52.5625
52.625
52.625
52.625
52.65625
52.65625
52.65625
52.75
52.75
52.75
52.8125
52.8125
52.8125
52.875
52.875
52.875
52.9375
52.9375
52.9375
53
53
53
54
54
54
55
55
55
57
57
57
58
58
58
59
59
59
60
60
60
61
61
61
62
62
62
63
63
63
64
64
64
65
65
65
66
66
66
67
67
67
68
68
68
69
69
69
70
70
70
71
71
71
72
72
72
73
73
73
74
74
74
75
75
75
76
76
76
77
77
77
78
78
78
79
79
79
80
80
80
81
81
81
85
85
85
85.0625
85.0625
85.0625
85.125
85.125
85.125
85.1875
85.1875
85.1875
85.25
85.25
85.25
85.3125
85.3125
85.3125
85.375
85.375
85.375
85.4375
85.4375
85.4375
85.46875
85.46875
85.46875
85.5625
85.5625
85.5625
85.625
85.625
85.625
85.65625
85.65625
85.65625
85.75
85.75
85.75
85.8125
85.8125
85.8125
85.875
85.875
85.875
85.9375
85.9375
85.9375
86
86
86
86.0625
86.0625
86.0625
86.125
86.125
86.125
86.1875
86.1875
86.1875
86.25
86.25
86.25
86.3125
86.3125
86.3125
86.375
86.375
86.375
86.4375
86.4375
86.4375
86.46875
86.46875
86.46875
86.5625
86.5625
86.5625
86.625
86.625
86.625
86.65625
86.65625
86.65625
86.75
86.75
86.75
86.8125
86.8125
86.8125
86.875
86.875
86.875
86.9375
86.9375
86.9375
87
87
87
87.0625
87.0625
87.0625
87.125
87.125
87.125
87.1875
87.1875
87.1875
87.25
87.25
87.25
87.3125
87.3125
87.3125
87.375
87.375
87.375
87.4375
87.4375
87.4375
87.46875
87.46875
87.46875
87.5625
87.5625
87.5625
87.625
87.625
87.625
87.65625
87.65625
87.65625
87.75
87.75
87.75
87.8125
87.8125
87.8125
87.875
87.875
87.875
87.9375
87.9375
87.9375
88
88
88
88.0625
88.0625
88.0625
88.125
88.125
88.125
88.1875
88.1875
88.1875
88.25
88.25
88.25
88.3125
88.3125
88.3125
88.375
88.375
88.375
88.4375
88.4375
88.4375
88.46875
88.46875
88.46875
88.5625
88.5625
88.5625
88.625
88.625
88.625
88.65625
88.65625
88.65625
88.75
88.75
88.75
88.8125
88.8125
88.8125
88.875
88.875
88.875
88.9375
88.9375
88.9375
89
89
89
89.0625
89.0625
89.0625
89.125
89.125
89.125
89.1875
89.1875
89.1875
89.25
89.25
89.25
89.3125
89.3125
89.3125
89.375
89.375
89.375
89.4375
89.4375
89.4375
89.46875
89.46875
89.46875
89.5625
89.5625
89.5625
89.625
89.625
89.625
89.65625
89.65625
89.65625
89.75
89.75
89.75
89.8125
89.8125
89.8125
89.875
89.875
89.875
89.9375
89.9375
89.9375
90
90
90
90.0625
90.0625
90.0625
90.125
90.125
90.125
90.1875
90.1875
90.1875
90.25
90.25
90.25
90.3125
90.3125
90.3125
90.375
90.375
90.375
90.4375
90.4375
90.4375
90.46875
90.46875
90.46875
90.5625
90.5625
90.5625
90.625
90.625
90.625
90.65625
90.65625
90.65625
90.75
90.75
90.75
90.8125
90.8125
90.8125
90.875
90.875
90.875
90.9375
90.9375
90.9375
91
91
91
91.0625
91.0625
91.0625
91.125
91.125
91.125
91.1875
91.1875
91.1875
91.25
91.25
91.25
91.3125
91.3125
91.3125
91.375
91.375
91.375
91.4375
91.4375
91.4375
91.46875
91.46875
91.46875
91.5625
91.5625
91.5625
91.625
91.625
91.625
91.65625
91.65625
91.65625
91.75
91.75
91.75
91.8125
91.8125
91.8125
91.875
91.875
91.875
91.9375
91.9375
91.9375
92
92
92
92.0625
92.0625
92.0625
92.125
92.125
92.125
92.1875
92.1875
92.1875
92.25
92.25
92.25
92.3125
92.3125
92.3125
92.375
92.375
92.375
92.4375
92.4375
92.4375
92.46875
92.46875
92.46875
92.5625
92.5625
92.5625
92.625
92.625
92.625
92.65625
92.65625
92.65625
92.75
92.75
92.75
92.8125
92.8125
92.8125
92.875
92.875
92.875
92.9375
92.9375
92.9375
93
93
93
93.0625
93.0625
93.0625
93.125
93.125
93.125
93.1875
93.1875
93.1875
93.25
93.25
93.25
93.3125
93.3125
93.3125
93.375
93.375
93.375
93.4375
93.4375
93.4375
93.46875
93.46875
93.46875
93.5625
93.5625
93.5625
93.625
93.625
93.625
93.65625
93.65625
93.65625
93.75
93.75
93.75
93.8125
93.8125
93.8125
93.875
93.875
93.875
93.9375
93.9375
93.9375
94
94
94
94.0625
94.0625
94.0625
94.125
94.125
94.125
94.1875
94.1875
94.1875
94.25
94.25
94.25
94.3125
94.3125
94.3125
94.375
94.375
94.375
94.4375
94.4375
94.4375
94.46875
94.46875
94.46875
94.5625
94.5625
94.5625
94.625
94.625
94.625
94.65625
94.65625
94.65625
94.75
94.75
94.75
94.8125
94.8125
94.8125
94.875
94.875
94.875
94.9375
94.9375
94.9375
95
95
95
95.0625
95.0625
95.0625
95.125
95.125
95.125
95.1875
95.1875
95.1875
95.25
95.25
95.25
95.3125
95.3125
95.3125
95.375
95.375
95.375
95.4375
95.4375
95.4375
95.46875
95.46875
95.46875
95.5625
95.5625
95.5625
95.625
95.625
95.625
95.65625
95.65625
95.65625
95.75
95.75
95.75
95.8125
95.8125
95.8125
95.875
95.875
95.875
95.9375
95.9375
95.9375
96
96
96
96.0625
96.0625
96.0625
96.125
96.125
96.125
96.1875
96.1875
96.1875
96.25
96.25
96.25
96.3125
96.3125
96.3125
96.375
96.375
96.375
96.4375
96.4375
96.4375
96.46875
96.46875
96.46875
96.5625
96.5625
96.5625
96.625
96.625
96.625
96.65625
96.65625
96.65625
96.75
96.75
96.75
96.8125
96.8125
96.8125
96.875
96.875
96.875
96.9375
96.9375
96.9375
97
97
97
97.0625
97.0625
97.0625
97.125
97.125
97.125
97.1875
97.1875
97.1875
97.25
97.25
97.25
97.3125
97.3125
97.3125
97.375
97.375
97.375
97.4375
97.4375
97.4375
97.46875
97.46875
97.46875
97.5625
97.5625
97.5625
97.625
97.625
97.625
97.65625
97.65625
97.65625
97.75
97.75
97.75
97.8125
97.8125
97.8125
97.875
97.875
97.875
97.9375
97.9375
97.9375
98
98
98
98.0625
98.0625
98.0625
98.125
98.125
98.125
98.1875
98.1875
98.1875
98.25
98.25
98.25
98.3125
98.3125
98.3125
98.375
98.375
98.375
98.4375
98.4375
98.4375
98.46875
98.46875
98.46875
98.5625
98.5625
98.5625
98.625
98.625
98.625
98.65625
98.65625
98.65625
98.75
98.75
98.75
98.8125
98.8125
98.8125
98.875
98.875
98.875
98.9375
98.9375
98.9375
99
99
99
99.0625
99.0625
99.0625
99.125
99.125
99.125
99.1875
99.1875
99.1875
99.25
99.25
99.25
99.3125
99.3125
99.3125
99.375
99.375
99.375
99.4375
99.4375
99.4375
99.46875
99.46875
99.46875
99.5625
99.5625
99.5625
99.625
99.625
99.625
99.65625
99.65625
99.65625
99.75
99.75
99.75
99.8125
99.8125
99.8125
99.875
99.875
99.875
99.9375
99.9375
99.9375
100
100
100
100.0625
100.0625
100.0625
100.125
100.125
100.125
100.1875
100.1875
100.1875
100.25
100.25
100.25
100.3125
100.3125
100.3125
100.375
100.375
100.375
100.4375
100.4375
100.4375
100.46875
100.46875
100.46875
100.5625
100.5625
100.5625
100.625
100.625
100.625
100.65625
100.65625
100.65625
100.75
100.75
100.75
100.8125
100.8125
100.8125
100.875
100.875
100.875
100.9375
100.9375
100.9375
101
101
101
101.0625
101.0625
101.0625
101.125
101.125
101.125
101.1875
101.1875
101.1875
101.25
101.25
101.25
101.3125
101.3125
101.3125
101.375
101.375
101.375
101.4375
101.4375
101.4375
101.46875
101.46875
101.46875
101.5625
101.5625
101.5625
101.625
101.625
101.625
101.65625
101.65625
101.65625
101.75
101.75
101.75
101.8125
101.8125
101.8125
101.875
101.875
101.875
101.9375
101.9375
101.9375
102
102
102
102.0625
102.0625
102.0625
102.125
102.125
102.125
102.1875
102.1875
102.1875
102.25
102.25
102.25
102.3125
102.3125
102.3125
102.375
102.375
102.375
102.4375
102.4375
102.4375
102.46875
102.46875
102.46875
102.5625
102.5625
102.5625
102.625
102.625
102.625
102.65625
102.65625
102.65625
102.75
102.75
102.75
102.8125
102.8125
102.8125
102.875
102.875
102.875
102.9375
102.9375
102.9375
103
103
103
103.0625
103.0625
103.0625
103.125
103.125
103.125
103.1875
103.1875
103.1875
103.25
103.25
103.25
103.3125
103.3125
103.3125
103.375
103.375
103.375
103.4375
103.4375
103.4375
103.46875
103.46875
103.46875
103.5625
103.5625
103.5625
103.625
103.625
103.625
103.65625
103.65625
103.65625
103.75
103.75
103.75
103.8125
103.8125
103.8125
103.875
103.875
103.875
103.9375
103.9375
103.9375
104
104
104
104.0625
104.0625
104.0625
104.125
104.125
104.125
104.1875
104.1875
104.1875
104.25
104.25
104.25
104.3125
104.3125
104.3125
104.375
104.375
104.375
104.4375
104.4375
104.4375
104.46875
104.46875
104.46875
104.5625
104.5625
104.5625
104.625
104.625
104.625
104.65625
104.65625
104.65625
104.75
104.75
104.75
104.8125
104.8125
104.8125
104.875
104.875
104.875
104.9375
104.9375
104.9375
105
105
105
105.0625
105.0625
105.0625
105.125
105.125
105.125
105.1875
105.1875
105.1875
105.25
105.25
105.25
105.3125
105.3125
105.3125
105.375
105.375
105.375
105.4375
105.4375
105.4375
105.46875
105.46875
105.46875
105.5625
105.5625
105.5625
105.625
105.625
105.625
105.65625
105.65625
105.65625
105.75
105.75
105.75
105.8125
105.8125
105.8125
105.875
105.875
105.875
105.9375
105.9375
105.9375
106
106
106
106.0625
106.0625
106.0625
106.125
106.125
106.125
106.1875
106.1875
106.1875
106.25
106.25
106.25
106.3125
106.3125
106.3125
106.375
106.375
106.375
106.4375
106.4375
106.4375
106.46875
106.46875
106.46875
106.5625
106.5625
106.5625
106.625
106.625
106.625
106.65625
106.65625
106.65625
106.75
106.75
106.75
106.8125
106.8125
106.8125
106.875
106.875
106.875
106.9375
106.9375
106.9375
107
107
107
107.0625
107.0625
107.0625
107.125
107.125
107.125
107.1875
107.1875
107.1875
107.25
107.25
107.25
107.3125
107.3125
107.3125
107.375
107.375
107.375
107.4375
107.4375
107.4375
107.46875
107.46875
107.46875
107.5625
107.5625
107.5625
107.625
107.625
107.625
107.65625
107.65625
107.65625
107.75
107.75
107.75
107.8125
107.8125
107.8125
107.875
107.875
107.875
107.9375
107.9375
107.9375
108
108
108
108.0625
108.0625
108.0625
108.125
108.125
108.125
108.1875
108.1875
108.1875
108.25
108.25
108.25
108.3125
108.3125
108.3125
108.375
108.375
108.375
108.4375
108.4375
108.4375
108.46875
108.46875
108.46875
108.5625
108.5625
108.5625
108.625
108.625
108.625
108.65625
108.65625
108.65625
108.75
108.75
108.75
108.8125
108.8125
108.8125
108.875
108.875
108.875
108.9375
108.9375
108.9375
109
109
109
109.0625
109.0625
109.0625
109.125
109.125
109.125
109.1875
109.1875
109.1875
109.25
109.25
109.25
109.3125
109.3125
109.3125
109.375
109.375
109.375
109.4375
109.4375
109.4375
109.46875
109.46875
109.46875
109.5625
109.5625
109.5625
109.625
109.625
109.625
109.65625
109.65625
109.65625
109.75
109.75
109.75
109.8125
109.8125
109.8125
109.875
109.875
109.875
109.9375
109.9375
109.9375
110
110
110
110.0625
110.0625
110.0625
110.125
110.125
110.125
110.1875
110.1875
110.1875
110.25
110.25
110.25
110.3125
110.3125
110.3125
110.375
110.375
110.375
110.4375
110.4375
110.4375
110.46875
110.46875
110.46875
110.5625
110.5625
110.5625
110.625
110.625
110.625
110.65625
110.65625
110.65625
110.75
110.75
110.75
110.8125
110.8125
110.8125
110.875
110.875
110.875
110.9375
110.9375
110.9375
111
111
111
111.0625
111.0625
111.0625
111.125
111.125
111.125
111.1875
111.1875
111.1875
111.25
111.25
111.25
111.3125
111.3125
111.3125
111.375
111.375
111.375
111.4375
111.4375
111.4375
111.46875
111.46875
111.46875
111.5625
111.5625
111.5625
111.625
111.625
111.625
111.65625
111.65625
111.65625
111.75
111.75
111.75
111.8125
111.8125
111.8125
111.875
111.875
111.875
111.9375
111.9375
111.9375
112
112
112
112.0625
112.0625
112.0625
112.125
112.125
112.125
112.1875
112.1875
112.1875
112.25
112.25
112.25
112.3125
112.3125
112.3125
112.375
112.375
112.375
112.4375
112.4375
112.4375
112.46875
112.46875
112.46875
112.5625
112.5625
112.5625
112.625
112.625
112.625
112.65625
112.65625
112.65625
112.75
112.75
112.75
112.8125
112.8125
112.8125
112.875
112.875
112.875
112.9375
112.9375
112.9375
113
113
113
113.0625
113.0625
113.0625
113.125
113.125
113.125
113.1875
113.1875
113.1875
113.25
113.25
113.25
113.3125
113.3125
113.3125
113.375
113.375
113.375
113.4375
113.4375
113.4375
113.46875
113.46875
113.46875
113.5625
113.5625
113.5625
113.625
113.625
113.625
113.65625
113.65625
113.65625
113.75
113.75
113.75
113.8125
113.8125
113.8125
113.875
113.875
113.875
113.9375
113.9375
113.9375
114
114
114
114.0625
114.0625
114.0625
114.125
114.125
114.125
114.1875
114.1875
114.1875
114.25
114.25
114.25
114.3125
114.3125
114.3125
114.375
114.375
114.375
114.4375
114.4375
114.4375
114.46875
114.46875
114.46875
114.5625
114.5625
114.5625
114.625
114.625
114.625
114.65625
114.65625
114.65625
114.75
114.75
114.75
114.8125
114.8125
114.8125
114.875
114.875
114.875
114.9375
114.9375
114.9375
115
115
115
115.0625
115.0625
115.0625
115.125
115.125
115.125
115.1875
115.1875
115.1875
115.25
115.25
115.25
115.3125
115.3125
115.3125
115.375
115.375
115.375
115.4375
115.4375
115.4375
115.46875
115.46875
115.46875
115.5625
115.5625
115.5625
115.625
115.625
115.625
115.65625
115.65625
115.65625
115.75
115.75
115.75
115.8125
115.8125
115.8125
115.875
115.875
115.875
115.9375
115.9375
115.9375
116
116
116
116.0625
116.0625
116.0625
116.125
116.125
116.125
116.1875
116.1875
116.1875
116.25
116.25
116.25
116.3125
116.3125
116.3125
116.375
116.375
116.375
116.4375
116.4375
116.4375
116.46875
116.46875
116.46875
116.5625
116.5625
116.5625
116.625
116.625
116.625
116.65625
116.65625
116.65625
116.75
116.75
116.75
116.8125
116.8125
116.8125
116.875
116.875
116.875
116.9375
116.9375
116.9375
117
117
117
117.0625
117.0625
117.0625
117.125
117.125
117.125
117.1875
117.1875
117.1875
117.25
117.25
117.25
117.3125
117.3125
117.3125
117.375
117.375
117.375
117.4375
117.4375
117.4375
117.46875
117.46875
117.46875
117.5625
117.5625
117.5625
117.625
117.625
117.625
117.65625
117.65625
117.65625
117.75
117.75
117.75
117.8125
117.8125
117.8125
117.875
117.875
117.875
117.9375
117.9375
117.9375
118
118
118
118.0625
118.0625
118.0625
118.125
118.125
118.125
118.1875
118.1875
118.1875
118.25
118.25
118.25
118.3125
118.3125
118.3125
118.375
118.375
118.375
118.4375
118.4375
118.4375
118.46875
118.46875
118.46875
118.5625
118.5625
118.5625
118.625
118.625
118.625
118.65625
118.65625
118.65625
118.75
118.75
118.75
118.8125
118.8125
118.8125
118.875
118.875
118.875
118.9375
118.9375
118.9375
119
119
119
119.0625
119.0625
119.0625
119.125
119.125
119.125
119.1875
119.1875
119.1875
119.25
119.25
119.25
119.3125
119.3125
119.3125
119.375
119.375
119.375
119.4375
119.4375
119.4375
119.46875
119.46875
119.46875
119.5625
119.5625
119.5625
119.625
119.625
119.625
119.65625
119.65625
119.65625
119.75
119.75
119.75
119.8125
119.8125
119.8125
119.875
119.875
119.875
119.9375
119.9375
119.9375
120
120
120
120.0625
120.0625
120.0625
120.125
120.125
120.125
120.1875
120.1875
120.1875
120.25
120.25
120.25
120.3125
120.3125
120.3125
120.375
120.375
120.375
120.4375
120.4375
120.4375
120.46875
120.46875
120.46875
120.5625
120.5625
120.5625
120.625
120.625
120.625
120.65625
120.65625
120.65625
120.75
120.75
120.75
120.8125
120.8125
120.8125
120.875
120.875
120.875
120.9375
120.9375
120.9375
121
121
121
122
122
122
123
123
123
125
125
125
126
126
126
127
127
127
128
128
128
129
129
129
130
130
130
131
131
131
132
132
132
133
133
133
134
134
134
135
135
135
136
136
136
