0.1875
0.4375
0.6875
0.9375
1.1875
1.4375
1.6875
1.9375
2.1875
2.4375
2.6875
2.9375
3.1875
3.4375
3.6875
3.9375
4.1875
4.4375
4.6875
4.9375
5.1875
5.4375
5.6875
5.9375
6.1875
6.4375
6.6875
6.9375
7.1875
7.4375
7.6875
7.9375
8.1875
8.4375
8.6875
8.9375
9.1875
9.4375
9.6875
9.9375
10.1875
10.4375
10.6875
10.9375
11.1875
11.4375
11.6875
11.9375
12.1875
12.4375
12.6875
12.9375
13.1875
13.4375
13.6875
13.9375
14.1875
14.4375
14.6875
14.9375
15.1875
15.4375
15.6875
15.9375
16.1875
16.4375
16.6875
16.9375
17.1875
17.4375
17.6875
17.9375
18.1875
18.4375
18.6875
18.9375
19.1875
19.4375
19.6875
19.9375
20.1875
20.4375
20.6875
20.9375
21.1875
21.4375
21.6875
21.9375
22.1875
22.4375
22.6875
22.9375
23.1875
23.4375
23.6875
23.9375
24.1875
24.4375
24.6875
24.9375
25.1875
25.4375
25.6875
25.9375
26.1875
26.4375
26.6875
26.9375
27.1875
27.4375
27.6875
27.9375
28.1875
28.4375
28.6875
28.9375
29.1875
29.4375
29.6875
29.9375
30.1875
30.4375
30.6875
30.9375
31.1875
31.4375
31.6875
31.9375
32.1875
32.4375
32.6875
32.9375
33.1875
33.4375
33.6875
33.9375
34.1875
34.4375
34.6875
34.9375
35.1875
35.4375
35.6875
35.9375
36.1875
36.4375
36.6875
36.9375
37.1875
37.4375
37.6875
37.9375
38.1875
38.4375
38.6875
38.9375
39.1875
39.4375
39.6875
39.9375
40.1875
40.4375
40.6875
40.9375
41.1875
41.4375
41.6875
41.9375
42.1875
42.4375
42.6875
42.9375
43.1875
43.4375
43.6875
43.9375
44.1875
44.4375
44.6875
44.9375
45.1875
45.4375
45.6875
45.9375
46.1875
46.4375
46.6875
46.9375
47.1875
47.4375
47.6875
47.9375
48.1875
48.4375
48.6875
48.9375
49.1875
49.4375
49.6875
49.9375
50.1875
50.4375
50.6875
50.9375
51.1875
51.4375
51.6875
51.9375
52.1875
52.4375
52.6875
52.9375
53.1875
53.4375
53.6875
53.9375
54.1875
54.4375
54.6875
54.9375
55.1875
55.4375
55.6875
55.9375
56.1875
56.4375
56.6875
56.9375
57.1875
57.4375
57.6875
57.9375
58.1875
58.4375
58.6875
58.9375
59.1875
59.4375
59.6875
59.9375
60.1875
60.4375
60.6875
60.9375
61.1875
61.4375
61.6875
61.9375
62.1875
62.4375
62.6875
62.9375
63.1875
63.4375
63.6875
63.9375
64.1875
64.4375
64.6875
64.9375
65.1875
65.4375
65.6875
65.9375
66.1875
66.4375
66.6875
66.9375
67.1875
67.4375
67.6875
67.9375
68.1875
68.4375
68.6875
68.9375
69.1875
69.4375
69.6875
69.9375
70.1875
70.4375
70.6875
70.9375
71.1875
71.4375
71.6875
71.9375
72.1875
72.4375
72.6875
72.9375
73.1875
73.4375
73.6875
73.9375
74.1875
74.4375
74.6875
74.9375
75.1875
75.4375
75.6875
75.9375
76.1875
76.4375
76.6875
76.9375
77.1875
77.4375
77.6875
77.9375
78.1875
78.4375
78.6875
78.9375
79.1875
79.4375
79.6875
79.9375
80.1875
80.4375
80.6875
80.9375
81.1875
81.4375
81.6875
81.9375
82.1875
82.4375
82.6875
82.9375
83.1875
83.4375
83.6875
83.9375
84.1875
84.4375
84.6875
84.9375
85.1875
85.4375
85.6875
85.9375
86.1875
86.4375
86.6875
86.9375
87.1875
87.4375
87.6875
87.9375
88.1875
88.4375
88.6875
88.9375
89.1875
89.4375
89.6875
89.9375
90.1875
90.4375
90.6875
90.9375
91.1875
91.4375
91.6875
91.9375
92.1875
92.4375
92.6875
92.9375
93.1875
93.4375
93.6875
93.9375
94.1875
94.4375
94.6875
94.9375
95.1875
95.4375
95.6875
95.9375
96.1875
96.4375
96.6875
96.9375
97.1875
97.4375
97.6875
97.9375
98.1875
98.4375
98.6875
98.9375
99.1875
99.4375
99.6875
99.9375
100.1875
100.4375
100.6875
100.9375
101.1875
101.4375
101.6875
101.9375
102.1875
102.4375
102.6875
102.9375
103.1875
103.4375
103.6875
103.9375
104.1875
104.4375
104.6875
104.9375
105.1875
105.4375
105.6875
105.9375
106.1875
106.4375
106.6875
106.9375
107.1875
107.4375
107.6875
107.9375
108.1875
108.4375
108.6875
108.9375
109.1875
109.4375
109.6875
109.9375
110.1875
110.4375
110.6875
110.9375
111.1875
111.4375
111.6875
111.9375
112.1875
112.4375
112.6875
112.9375
113.1875
113.4375
113.6875
113.9375
114.1875
114.4375
114.6875
114.9375
115.1875
115.4375
115.6875
115.9375
116.1875
116.4375
116.6875
116.9375
117.1875
117.4375
117.6875
117.9375
118.1875
118.4375
118.6875
118.9375
119.1875
119.4375
119.6875
119.9375
120.1875
120.4375
120.6875
120.9375
121.1875
121.4375
121.6875
121.9375
122.1875
122.4375
122.6875
122.9375
123.1875
123.4375
123.6875
123.9375
124.1875
124.4375
124.6875
124.9375
125.1875
125.4375
125.6875
125.9375
126.1875
126.4375
126.6875
126.9375
127.1875
127.4375
127.6875
127.9375
128.1875
128.4375
128.6875
128.9375
129.1875
129.4375
129.6875
129.9375
130.1875
130.4375
130.6875
130.9375
131.1875
131.4375
131.6875
131.9375
132.1875
132.4375
132.6875
132.9375
133.1875
133.4375
133.6875
133.9375
134.1875
134.4375
134.6875
134.9375
135.1875
135.4375
135.6875
135.9375
136.1875
136.4375
136.6875
136.9375
137.1875
137.4375
137.6875
137.9375
138.1875
138.4375
138.6875
138.9375
139.1875
139.4375
139.6875
139.9375
140.1875
140.4375
140.6875
140.9375
141.1875
141.4375
141.6875
141.9375
142.1875
142.4375
142.6875
142.9375
143.1875
143.4375
143.6875
143.9375
144.1875
144.4375
144.6875
144.9375
145.1875
145.4375
145.6875
145.9375
146.1875
146.4375
146.6875
146.9375
147.1875
147.4375
147.6875
147.9375
148.1875
148.4375
148.6875
148.9375
149.1875
149.4375
149.6875
149.9375
150.1875
150.4375
150.6875
150.9375
151.1875
151.4375
151.6875
151.9375
152.1875
152.4375
152.6875
152.9375
153.1875
153.4375
153.6875
153.9375
154.1875
154.4375
154.6875
154.9375
155.1875
155.4375
155.6875
155.9375
156.1875
156.4375
156.6875
156.9375
157.1875
157.4375
157.6875
157.9375
158.1875
158.4375
158.6875
158.9375
159.1875
159.4375
159.6875
159.9375
160.1875
160.4375
160.6875
160.9375
161.1875
161.4375
161.6875
161.9375
162.1875
162.4375
162.6875
162.9375
163.1875
163.4375
163.6875
163.9375
164.1875
164.4375
164.6875
164.9375
165.1875
165.4375
165.6875
165.9375
166.1875
166.4375
166.6875
166.9375
167.1875
167.4375
167.6875
167.9375
168.1875
168.4375
168.6875
168.9375
169.1875
169.4375
169.6875
169.9375
170.1875
170.4375
170.6875
170.9375
171.1875
171.4375
171.6875
171.9375
172.1875
172.4375
172.6875
172.9375
173.1875
173.4375
173.6875
173.9375
174.1875
174.4375
174.6875
174.9375
175.1875
175.4375
175.6875
175.9375
176.1875
176.4375
176.6875
176.9375
177.1875
177.4375
177.6875
177.9375
178.1875
178.4375
178.6875
178.9375
179.1875
179.4375
179.6875
179.9375
180.1875
180.4375
180.6875
180.9375
181.1875
181.4375
181.6875
181.9375
182.1875
182.4375
182.6875
182.9375
183.1875
183.4375
183.6875
183.9375
184.1875
184.4375
184.6875
184.9375
185.1875
185.4375
185.6875
185.9375
186.1875
186.4375
186.6875
186.9375
187.1875
187.4375
187.6875
187.9375
188.1875
188.4375
188.6875
188.9375
189.1875
189.4375
189.6875
189.9375
190.1875
190.4375
190.6875
190.9375
191.1875
191.4375
191.6875
191.9375
192.1875
192.4375
192.6875
192.9375
193.1875
193.4375
193.6875
193.9375
194.1875
194.4375
194.6875
194.9375
195.1875
195.4375
195.6875
195.9375
196.1875
196.4375
196.6875
196.9375
197.1875
197.4375
197.6875
197.9375
198.1875
198.4375
198.6875
198.9375
199.1875
199.4375
199.6875
199.9375
200.1875
200.4375
200.6875
200.9375
201.1875
201.4375
201.6875
201.9375
202.1875
202.4375
202.6875
202.9375
203.1875
203.4375
203.6875
203.9375
204.1875
204.4375
204.6875
204.9375
205.1875
205.4375
205.6875
205.9375
206.1875
206.4375
206.6875
206.9375
207.1875
207.4375
207.6875
207.9375
208
211
212
213
214
215
216
217.5
219
220
224
227
228
229
230
231
232
241
242
243
243.5
244.5
245.5
246
246.5
247
247.5
249
250
251
251.5
252.5
253.5
257
258
259
259.5
260.5
261.5
262
262.5
263
263.5
265
266
267
267.5
268.5
269.5
272.1875
272.4375
272.6875
272.9375
273.1875
273.4375
273.6875
273.9375
274.1875
274.4375
274.6875
274.9375
275.1875
275.4375
275.6875
275.9375
276.1875
276.4375
276.6875
276.9375
277.1875
277.4375
277.6875
277.9375
278.1875
278.4375
278.6875
278.9375
279.1875
279.4375
279.6875
279.9375
280.1875
280.4375
280.6875
280.9375
281.1875
281.4375
281.6875
281.9375
282.1875
282.4375
282.6875
282.9375
283.1875
283.4375
283.6875
283.9375
284.1875
284.4375
284.6875
284.9375
285.1875
285.4375
285.6875
285.9375
286.1875
286.4375
286.6875
286.9375
287.1875
287.4375
287.6875
287.9375
288.1875
288.4375
288.6875
288.9375
289.1875
289.4375
289.6875
289.9375
290.1875
290.4375
290.6875
290.9375
291.1875
291.4375
291.6875
291.9375
292.1875
292.4375
292.6875
292.9375
293.1875
293.4375
293.6875
293.9375
294.1875
294.4375
294.6875
294.9375
295.1875
295.4375
295.6875
295.9375
296.1875
296.4375
296.6875
296.9375
297.1875
297.4375
297.6875
297.9375
298.1875
298.4375
298.6875
298.9375
299.1875
299.4375
299.6875
299.9375
300.1875
300.4375
300.6875
300.9375
301.1875
301.4375
301.6875
301.9375
302.1875
302.4375
302.6875
302.9375
303.1875
303.4375
303.6875
303.9375
304.1875
304.4375
304.6875
304.9375
305.1875
305.4375
305.6875
305.9375
306.1875
306.4375
306.6875
306.9375
307.1875
307.4375
307.6875
307.9375
308.1875
308.4375
308.6875
308.9375
309.1875
309.4375
309.6875
309.9375
310.1875
310.4375
310.6875
310.9375
311.1875
311.4375
311.6875
311.9375
312.1875
312.4375
312.6875
312.9375
313.1875
313.4375
313.6875
313.9375
314.1875
314.4375
314.6875
314.9375
315.1875
315.4375
315.6875
315.9375
316.1875
316.4375
316.6875
316.9375
317.1875
317.4375
317.6875
317.9375
318.1875
318.4375
318.6875
318.9375
319.1875
319.4375
319.6875
319.9375
320.1875
320.4375
320.6875
320.9375
321.1875
321.4375
321.6875
321.9375
322.1875
322.4375
322.6875
322.9375
323.1875
323.4375
323.6875
323.9375
324.1875
324.4375
324.6875
324.9375
325.1875
325.4375
325.6875
325.9375
326.1875
326.4375
326.6875
326.9375
327.1875
327.4375
327.6875
327.9375
328.1875
328.4375
328.6875
328.9375
329.1875
329.4375
329.6875
329.9375
330.1875
330.4375
330.6875
330.9375
331.1875
331.4375
331.6875
331.9375
332.1875
332.4375
332.6875
332.9375
333.1875
333.4375
333.6875
333.9375
334.1875
334.4375
334.6875
334.9375
335.1875
335.4375
335.6875
335.9375
336.1875
336.4375
336.6875
336.9375
337.1875
337.4375
337.6875
337.9375
338.1875
338.4375
338.6875
338.9375
339.1875
339.4375
339.6875
339.9375
340.1875
340.4375
340.6875
340.9375
341.1875
341.4375
341.6875
341.9375
342.1875
342.4375
342.6875
342.9375
343.1875
343.4375
343.6875
343.9375
344.1875
344.4375
344.6875
344.9375
345.1875
345.4375
345.6875
345.9375
346.1875
346.4375
346.6875
346.9375
347.1875
347.4375
347.6875
347.9375
348.1875
348.4375
348.6875
348.9375
349.1875
349.4375
349.6875
349.9375
350.1875
350.4375
350.6875
350.9375
351.1875
351.4375
351.6875
351.9375
352.1875
352.4375
352.6875
352.9375
353.1875
353.4375
353.6875
353.9375
354.1875
354.4375
354.6875
354.9375
355.1875
355.4375
355.6875
355.9375
356.1875
356.4375
356.6875
356.9375
357.1875
357.4375
357.6875
357.9375
358.1875
358.4375
358.6875
358.9375
359.1875
359.4375
359.6875
359.9375
360.1875
360.4375
360.6875
360.9375
361.1875
361.4375
361.6875
361.9375
362.1875
362.4375
362.6875
362.9375
363.1875
363.4375
363.6875
363.9375
364.1875
364.4375
364.6875
364.9375
365.1875
365.4375
365.6875
365.9375
366.1875
366.4375
366.6875
366.9375
367.1875
367.4375
367.6875
367.9375
368.1875
368.4375
368.6875
368.9375
369.1875
369.4375
369.6875
369.9375
370.1875
370.4375
370.6875
370.9375
371.1875
371.4375
371.6875
371.9375
372.1875
372.4375
372.6875
372.9375
373.1875
373.4375
373.6875
373.9375
374.1875
374.4375
374.6875
374.9375
375.1875
375.4375
375.6875
375.9375
376.1875
376.4375
376.6875
376.9375
377.1875
377.4375
377.6875
377.9375
378.1875
378.4375
378.6875
378.9375
379.1875
379.4375
379.6875
379.9375
380.1875
380.4375
380.6875
380.9375
381.1875
381.4375
381.6875
381.9375
382.1875
382.4375
382.6875
382.9375
383.1875
383.4375
383.6875
383.9375
384.1875
384.4375
384.6875
384.9375
385.1875
385.4375
385.6875
385.9375
386.1875
386.4375
386.6875
386.9375
387.1875
387.4375
387.6875
387.9375
388.1875
388.4375
388.6875
388.9375
389.1875
389.4375
389.6875
389.9375
390.1875
390.4375
390.6875
390.9375
391.1875
391.4375
391.6875
391.9375
392.1875
392.4375
392.6875
392.9375
393.1875
393.4375
393.6875
393.9375
394.1875
394.4375
394.6875
394.9375
395.1875
395.4375
395.6875
395.9375
396.1875
396.4375
396.6875
396.9375
397.1875
397.4375
397.6875
397.9375
398.1875
398.4375
398.6875
398.9375
399.1875
399.4375
399.6875
399.9375
400.1875
400.4375
400.6875
400.9375
401.1875
401.4375
401.6875
401.9375
402.1875
402.4375
402.6875
402.9375
403.1875
403.4375
403.6875
403.9375
404.1875
404.4375
404.6875
404.9375
405.1875
405.4375
405.6875
405.9375
406.1875
406.4375
406.6875
406.9375
407.1875
407.4375
407.6875
407.9375
408.1875
408.4375
408.6875
408.9375
409.1875
409.4375
409.6875
409.9375
410.1875
410.4375
410.6875
410.9375
411.1875
411.4375
411.6875
411.9375
412.1875
412.4375
412.6875
412.9375
413.1875
413.4375
413.6875
413.9375
414.1875
414.4375
414.6875
414.9375
415.1875
415.4375
415.6875
415.9375
416.1875
416.4375
416.6875
416.9375
417.1875
417.4375
417.6875
417.9375
418.1875
418.4375
418.6875
418.9375
419.1875
419.4375
419.6875
419.9375
420.1875
420.4375
420.6875
420.9375
421.1875
421.4375
421.6875
421.9375
422.1875
422.4375
422.6875
422.9375
423.1875
423.4375
423.6875
423.9375
424.1875
424.4375
424.6875
424.9375
425.1875
425.4375
425.6875
425.9375
426.1875
426.4375
426.6875
426.9375
427.1875
427.4375
427.6875
427.9375
428.1875
428.4375
428.6875
428.9375
429.1875
429.4375
429.6875
429.9375
430.1875
430.4375
430.6875
430.9375
431.1875
431.4375
431.6875
431.9375
432.1875
432.4375
432.6875
432.9375
433.1875
433.4375
433.6875
433.9375
434.1875
434.4375
434.6875
434.9375
435.1875
435.4375
435.6875
435.9375
436.1875
436.4375
436.6875
436.9375
437.1875
437.4375
437.6875
437.9375
438.1875
438.4375
438.6875
438.9375
439.1875
439.4375
439.6875
439.9375
440.1875
440.4375
440.6875
440.9375
441.1875
441.4375
441.6875
441.9375
442.1875
442.4375
442.6875
442.9375
443.1875
443.4375
443.6875
443.9375
444.1875
444.4375
444.6875
444.9375
445.1875
445.4375
445.6875
445.9375
446.1875
446.4375
446.6875
446.9375
447.1875
447.4375
447.6875
447.9375
448.1875
448.4375
448.6875
448.9375
449.1875
449.4375
449.6875
449.9375
450.1875
450.4375
450.6875
450.9375
451.1875
451.4375
451.6875
451.9375
452.1875
452.4375
452.6875
452.9375
453.1875
453.4375
453.6875
453.9375
454.1875
454.4375
454.6875
454.9375
455.1875
455.4375
455.6875
455.9375
456.1875
456.4375
456.6875
456.9375
457.1875
457.4375
457.6875
457.9375
458.1875
458.4375
458.6875
458.9375
459.1875
459.4375
459.6875
459.9375
460.1875
460.4375
460.6875
460.9375
461.1875
461.4375
461.6875
461.9375
462.1875
462.4375
462.6875
462.9375
463.1875
463.4375
463.6875
463.9375
464.1875
464.4375
464.6875
464.9375
465.1875
465.4375
465.6875
465.9375
466.1875
466.4375
466.6875
466.9375
467.1875
467.4375
467.6875
467.9375
468.1875
468.4375
468.6875
468.9375
469.1875
469.4375
469.6875
469.9375
470.1875
470.4375
470.6875
470.9375
471.1875
471.4375
471.6875
471.9375
472.1875
472.4375
472.6875
472.9375
473.1875
473.4375
473.6875
473.9375
474.1875
474.4375
474.6875
474.9375
475.1875
475.4375
475.6875
475.9375
476.1875
476.4375
476.6875
476.9375
477.1875
477.4375
477.6875
477.9375
478.1875
478.4375
478.6875
478.9375
479.1875
479.4375
479.6875
479.9375
480
483
484
485
486
487
488
489.5
491
492
496
499
500
501
502
503
504
513
514
515
515.5
516.5
517.5
518
518.5
519
519.5
521
522
523
523.5
524.5
525.5
529
530
531
531.5
532.5
533.5
534
534.5
535
535.5
537
538
539
539.5
540.5
541.5
