7
8
12
16
17.5
19
20
21.5
23
24
28
31
32
36
39
40
42
44
48
64
64.125
64.25
64.375
64.5
65
65.5
65.75
66.25
66.5
67
67.5
68
68.125
68.25
68.375
68.5
69
69.5
69.75
70.25
70.5
71
71.5
72
72.125
72.25
72.375
72.5
73
73.5
73.75
74.25
74.5
75
75.5
76
76.125
76.25
76.375
76.5
77
77.5
77.75
78.25
78.5
79
79.5
80
80.125
80.25
80.375
80.5
81
81.5
81.75
82.25
82.5
83
83.5
84
84.125
84.25
84.375
84.5
85
85.5
85.75
86.25
86.5
87
87.5
88
88.125
88.25
88.375
88.5
89
89.5
89.75
90.25
90.5
91
91.5
92
92.125
92.25
92.375
92.5
93
93.5
93.75
94.25
94.5
95
95.5
96
96.125
96.25
96.375
96.5
97
97.5
97.75
98.25
98.5
99
99.5
100
100.125
100.25
100.375
100.5
101
101.5
101.75
102.25
102.5
103
103.5
104
104.125
104.25
104.375
104.5
105
105.5
105.75
106.25
106.5
107
107.5
108
108.125
108.25
108.375
108.5
109
109.5
109.75
110.25
110.5
111
111.5
112
112.25
112.5
112.75
113
113.25
113.5
113.75
114
114.25
114.5
114.75
115
115.25
115.5
115.75
116
116.25
116.5
116.75
117
117.25
117.5
117.75
118
118.25
118.5
118.75
119
119.25
119.5
119.75
120
128
128.125
128.25
128.375
128.5
129
129.5
129.75
130.25
130.5
131
131.5
132
132.125
132.25
132.375
132.5
133
133.5
133.75
134.25
134.5
135
135.5
136
136.125
136.25
136.375
136.5
137
137.5
137.75
138.25
138.5
139
139.5
140
140.125
140.25
140.375
140.5
141
141.5
141.75
142.25
142.5
143
143.5
144
144.125
144.25
144.375
144.5
145
145.5
145.75
146.25
146.5
147
147.5
148
148.125
148.25
148.375
148.5
149
149.5
149.75
150.25
150.5
151
151.5
152
152.125
152.25
152.375
152.5
153
153.5
153.75
154.25
154.5
155
155.5
156
156.125
156.25
156.375
156.5
157
157.5
157.75
158.25
158.5
159
159.5
160
160.125
160.25
160.375
160.5
161
161.5
161.75
162.25
162.5
163
163.5
164
164.125
164.25
164.375
164.5
165
165.5
165.75
166.25
166.5
167
167.5
168
168.125
168.25
168.375
168.5
169
169.5
169.75
170.25
170.5
171
171.5
172
172.125
172.25
172.375
172.5
173
173.5
173.75
174.25
174.5
175
175.5
176
176.125
176.25
176.375
176.5
177
177.5
177.75
178.25
178.5
179
179.5
180
180.125
180.25
180.375
180.5
181
181.5
181.75
182.25
182.5
183
183.5
184
184.125
184.25
184.375
184.5
185
185.5
185.75
186.25
186.5
187
187.5
188
188.125
188.25
188.375
188.5
189
189.5
189.75
190.25
190.5
191
191.5
192
192.25
192.5
192.75
193
193.25
193.5
193.75
194
194.25
194.5
194.75
195
195.25
195.5
195.75
196
196.25
196.5
196.75
197
197.25
197.5
197.75
198
198.25
198.5
198.75
199
199.25
199.5
199.75
200
279
280
284
288
289.5
291
292
293.5
295
296
300
303
304
308
311
312
314
316
320
336
336.125
336.25
336.375
336.5
337
337.5
337.75
338.25
338.5
339
339.5
340
340.125
340.25
340.375
340.5
341
341.5
341.75
342.25
342.5
343
343.5
344
344.125
344.25
344.375
344.5
345
345.5
345.75
346.25
346.5
347
347.5
348
348.125
348.25
348.375
348.5
349
349.5
349.75
350.25
350.5
351
351.5
352
352.125
352.25
352.375
352.5
353
353.5
353.75
354.25
354.5
355
355.5
356
356.125
356.25
356.375
356.5
357
357.5
357.75
358.25
358.5
359
359.5
360
360.125
360.25
360.375
360.5
361
361.5
361.75
362.25
362.5
363
363.5
364
364.125
364.25
364.375
364.5
365
365.5
365.75
366.25
366.5
367
367.5
368
368.125
368.25
368.375
368.5
369
369.5
369.75
370.25
370.5
371
371.5
372
372.125
372.25
372.375
372.5
373
373.5
373.75
374.25
374.5
375
375.5
376
376.125
376.25
376.375
376.5
377
377.5
377.75
378.25
378.5
379
379.5
380
380.125
380.25
380.375
380.5
381
381.5
381.75
382.25
382.5
383
383.5
384
384.25
384.5
384.75
385
385.25
385.5
385.75
386
386.25
386.5
386.75
387
387.25
387.5
387.75
388
388.25
388.5
388.75
389
389.25
389.5
389.75
390
390.25
390.5
390.75
391
391.25
391.5
391.75
392
400
400.125
400.25
400.375
400.5
401
401.5
401.75
402.25
402.5
403
403.5
404
404.125
404.25
404.375
404.5
405
405.5
405.75
406.25
406.5
407
407.5
408
408.125
408.25
408.375
408.5
409
409.5
409.75
410.25
410.5
411
411.5
412
412.125
412.25
412.375
412.5
413
413.5
413.75
414.25
414.5
415
415.5
416
416.125
416.25
416.375
416.5
417
417.5
417.75
418.25
418.5
419
419.5
420
420.125
420.25
420.375
420.5
421
421.5
421.75
422.25
422.5
423
423.5
424
424.125
424.25
424.375
424.5
425
425.5
425.75
426.25
426.5
427
427.5
428
428.125
428.25
428.375
428.5
429
429.5
429.75
430.25
430.5
431
431.5
432
432.125
432.25
432.375
432.5
433
433.5
433.75
434.25
434.5
435
435.5
436
436.125
436.25
436.375
436.5
437
437.5
437.75
438.25
438.5
439
439.5
440
440.125
440.25
440.375
440.5
441
441.5
441.75
442.25
442.5
443
443.5
444
444.125
444.25
444.375
444.5
445
445.5
445.75
446.25
446.5
447
447.5
448
448.125
448.25
448.375
448.5
449
449.5
449.75
450.25
450.5
451
451.5
452
452.125
452.25
452.375
452.5
453
453.5
453.75
454.25
454.5
455
455.5
456
456.125
456.25
456.375
456.5
457
457.5
457.75
458.25
458.5
459
459.5
460
460.125
460.25
460.375
460.5
461
461.5
461.75
462.25
462.5
463
463.5
464
464.25
464.5
464.75
465
465.25
465.5
465.75
466
466.25
466.5
466.75
467
467.25
467.5
467.75
468
468.25
468.5
468.75
469
469.25
469.5
469.75
470
470.25
470.5
470.75
471
471.25
471.5
471.75
472
